   0.0000000e+00   0.0000000e+00   0.0000000e+00   0.0000000e+00   0.0000000e+00   0.0000000e+00   0.0000000e+00   0.0000000e+00   0.0000000e+00   0.0000000e+00   0.0000000e+00   0.0000000e+00   0.0000000e+00   0.0000000e+00   0.0000000e+00   0.0000000e+00
   3.3444816e-03   3.5750472e-03   3.8215077e-03   4.0849591e-03   4.3665725e-03   4.6676001e-03   4.9893803e-03   5.3333437e-03   5.7010196e-03   6.0940428e-03   6.5141607e-03   6.9632411e-03   7.4432807e-03   7.9564138e-03   8.5049219e-03   9.0912436e-03
   6.6023383e-03   7.1496844e-03   7.6421064e-03   8.1684082e-03   8.7309162e-03   9.3321152e-03   9.9746601e-03   1.0661387e-02   1.1395325e-02   1.2179711e-02   1.3018001e-02   1.3913887e-02   1.4871312e-02   1.5894485e-02   1.6987904e-02   1.8159644e-02
   9.8061538e-03   1.0691286e-02   1.1461759e-02   1.2250306e-02   1.3092984e-02   1.3993493e-02   1.4955780e-02   1.5984064e-02   1.7082844e-02   1.8256924e-02   1.9511432e-02   2.0851840e-02   2.2283985e-02   2.3814098e-02   2.5450054e-02   2.7219605e-02
   1.2963922e-02   1.4204081e-02   1.5268167e-02   1.6330611e-02   1.7452730e-02   1.8651679e-02   1.9932682e-02   2.1301308e-02   2.2763501e-02   2.4325599e-02   2.5994363e-02   2.7776999e-02   2.9681193e-02   3.1715598e-02   3.3897016e-02   3.6258570e-02
   1.6082206e-02   1.7687490e-02   1.9059883e-02   2.0404668e-02   2.1810106e-02   2.3306623e-02   2.4905305e-02   2.6613053e-02   2.8437222e-02   3.0385654e-02   3.2466703e-02   3.4689268e-02   3.7063004e-02   3.9601155e-02   4.2325569e-02   4.5281364e-02
   1.9164872e-02   2.1143294e-02   2.2834584e-02   2.4470772e-02   2.6163330e-02   2.7958270e-02   2.9873591e-02   3.1919232e-02   3.4103936e-02   3.6437009e-02   3.8928363e-02   4.1588613e-02   4.4430211e-02   4.7470109e-02   5.0737561e-02   5.4283261e-02
   2.2214995e-02   2.4572513e-02   2.6591728e-02   2.8526959e-02   3.0511302e-02   3.2605915e-02   3.4837479e-02   3.7219780e-02   3.9763566e-02   4.2479581e-02   4.5379279e-02   4.8475291e-02   5.1782750e-02   5.5323295e-02   5.9131416e-02   6.3265655e-02
   2.5234870e-02   2.7976348e-02   3.0330826e-02   3.2572131e-02   3.4852749e-02   3.7248948e-02   3.9796666e-02   4.2514631e-02   4.5416041e-02   4.8513299e-02   5.1819500e-02   5.5349317e-02   5.9121014e-02   6.3160298e-02   6.7507587e-02   7.2226531e-02
   2.8226379e-02   3.1355777e-02   3.4051797e-02   3.6605354e-02   3.9186716e-02   4.1886626e-02   4.4750822e-02   4.7803624e-02   5.1061290e-02   5.4538137e-02   5.8249017e-02   6.2210861e-02   6.6444948e-02   7.0981335e-02   7.5865272e-02   8.1166102e-02
   3.1191058e-02   3.4711715e-02   3.7754638e-02   4.0626009e-02   4.3512337e-02   4.6518284e-02   4.9699527e-02   5.3086572e-02   5.6699227e-02   6.0554057e-02   6.4667882e-02   6.9059940e-02   7.3754686e-02   7.8786138e-02   8.4204437e-02   9.0083368e-02
   3.4130209e-02   3.8044965e-02   4.1439459e-02   4.4633618e-02   4.7828917e-02   5.1143275e-02   5.4642356e-02   5.8363238e-02   6.2329744e-02   6.6561038e-02   7.1076100e-02   7.5896628e-02   8.1050165e-02   8.6574677e-02   9.2524597e-02   9.8978158e-02
   3.7044943e-02   4.1356255e-02   4.5106409e-02   4.8627843e-02   5.2135862e-02   5.5761020e-02   5.9578874e-02   6.3633363e-02   6.7952720e-02   7.2559037e-02   7.7473693e-02   8.2720922e-02   8.8331387e-02   9.4346741e-02   1.0082556e-01   1.0784988e-01
   3.9936225e-02   4.4646239e-02   4.8755672e-02   5.2608433e-02   5.6432681e-02   6.0370988e-02   6.4508658e-02   6.8896675e-02   7.3568010e-02   7.8548005e-02   8.3860648e-02   8.9532830e-02   9.5598271e-02   1.0210220e-01   1.0910697e-01   1.1669824e-01
   4.2804903e-02   4.7915509e-02   5.2387446e-02   5.6575212e-02   6.0718960e-02   6.4972705e-02   6.9431303e-02   7.4152893e-02   7.9175458e-02   8.4527870e-02   9.0236945e-02   9.6332317e-02   1.0285075e-01   1.0984087e-01   1.1736859e-01   1.2552283e-01
   4.5651724e-02   5.1164604e-02   5.6001934e-02   6.0528055e-02   6.4994353e-02   6.9565749e-02   7.4346426e-02   7.9401738e-02   8.4774894e-02   9.0498551e-02   9.6602543e-02   1.0311935e-01   1.1008873e-01   1.1756259e-01   1.2561014e-01   1.3432335e-01
   4.8477359e-02   5.4394015e-02   5.9599342e-02   6.4466878e-02   6.9258568e-02   7.4149739e-02   7.9253668e-02   8.4642933e-02   9.0366139e-02   9.6459945e-02   1.0295738e-01   1.0989385e-01   1.1731211e-01   1.2526717e-01   1.3383137e-01   1.4309948e-01
   5.1282407e-02   5.7604191e-02   6.3179875e-02   6.8391627e-02   7.3511359e-02   7.8724339e-02   8.4152694e-02   8.9876209e-02   9.5949009e-02   1.0241194e-01   1.0930139e-01   1.1665576e-01   1.2452077e-01   1.3295444e-01   1.4203203e-01   1.5185095e-01
   5.4067413e-02   6.0795546e-02   6.6743731e-02   7.2302275e-02   7.7752520e-02   8.3289248e-02   8.9043194e-02   9.5101302e-02   1.0152331e-01   1.0835441e-01   1.1563448e-01   1.2340498e-01   1.3171459e-01   1.4062421e-01   1.5021189e-01   1.6057754e-01
   5.6832869e-02   6.3968461e-02   7.0291104e-02   7.6198810e-02   8.1981876e-02   8.7844197e-02   9.3924882e-02   1.0031796e-01   1.0708886e-01   1.1428722e-01   1.2195654e-01   1.3014141e-01   1.3889343e-01   1.4827632e-01   1.5837076e-01   1.6927904e-01
   5.9579225e-02   6.7123287e-02   7.3822181e-02   8.0081238e-02   8.6199279e-02   9.2388947e-02   9.8797489e-02   1.0552595e-01   1.1264546e-01   1.2021023e-01   1.2826746e-01   1.3686494e-01   1.4605717e-01   1.5591058e-01   1.6650842e-01   1.7795530e-01
   6.2306893e-02   7.0260352e-02   7.7337142e-02   8.3949575e-02   9.0404604e-02   9.6923282e-02   1.0366077e-01   1.1072502e-01   1.1819291e-01   1.2612328e-01   1.3456711e-01   1.4357544e-01   1.5320565e-01   1.6352684e-01   1.7462473e-01   1.8660619e-01
   6.5016254e-02   7.3379957e-02   8.0836161e-02   8.7803845e-02   9.4597745e-02   1.0144701e-01   1.0851449e-01   1.1591497e-01   1.2373103e-01   1.3202621e-01   1.4085537e-01   1.5027279e-01   1.6033874e-01   1.7112495e-01   1.8271951e-01   1.9523162e-01
   6.7707657e-02   7.6482386e-02   8.4319403e-02   9.1644080e-02   9.8778615e-02   1.0595996e-01   1.1335845e-01   1.2109557e-01   1.2925962e-01   1.3791888e-01   1.4713209e-01   1.5695685e-01   1.6745630e-01   1.7870474e-01   1.9079266e-01   2.0383154e-01
   7.0381426e-02   7.9567901e-02   8.7787027e-02   9.5470316e-02   1.0294714e-01   1.1046197e-01   1.1819245e-01   1.2626663e-01   1.3477851e-01   1.4380111e-01   1.5339713e-01   1.6362748e-01   1.7455818e-01   1.8626609e-01   1.9884404e-01   2.1240588e-01
   7.3037862e-02   8.2636750e-02   9.1239184e-02   9.9282595e-02   1.0710325e-01   1.1495291e-01   1.2301630e-01   1.3142795e-01   1.4028750e-01   1.4967274e-01   1.5965033e-01   1.7028454e-01   1.8164425e-01   1.9380886e-01   2.0687358e-01   2.2095463e-01
   7.5677244e-02   8.5689162e-02   9.4676021e-02   1.0308096e-01   1.1124690e-01   1.1943265e-01   1.2782983e-01   1.3657934e-01   1.4578642e-01   1.5553360e-01   1.6589155e-01   1.7692789e-01   1.8871436e-01   2.0133293e-01   2.1488117e-01   2.2947776e-01
   7.8299834e-02   8.8725355e-02   9.8097676e-02   1.0686545e-01   1.1537804e-01   1.2390107e-01   1.3263288e-01   1.4172063e-01   1.5127509e-01   1.6138354e-01   1.7212064e-01   1.8355738e-01   1.9576839e-01   2.0883819e-01   2.2286676e-01   2.3797527e-01
   8.0905875e-02   9.1745533e-02   1.0150428e-01   1.1063613e-01   1.1949664e-01   1.2835806e-01   1.3742531e-01   1.4685165e-01   1.5675334e-01   1.6722237e-01   1.7833743e-01   1.9017287e-01   2.0280622e-01   2.1632455e-01   2.3083028e-01   2.4644714e-01
   8.3495595e-02   9.4749886e-02   1.0489596e-01   1.1439302e-01   1.2360266e-01   1.3280354e-01   1.4220697e-01   1.5197224e-01   1.6222100e-01   1.7304995e-01   1.8454178e-01   1.9677422e-01   2.0982770e-01   2.2379189e-01   2.3877167e-01   2.5489337e-01
   8.6069208e-02   9.7738596e-02   1.0827285e-01   1.1813619e-01   1.2769608e-01   1.3723741e-01   1.4697773e-01   1.5708224e-01   1.6767791e-01   1.7886612e-01   1.9073353e-01   2.0336129e-01   2.1683274e-01   2.3124014e-01   2.4669088e-01   2.6331394e-01
   8.8626917e-02   1.0071183e-01   1.1163504e-01   1.2186568e-01   1.3177687e-01   1.4165960e-01   1.5173747e-01   1.6218150e-01   1.7312391e-01   1.8467070e-01   1.9691254e-01   2.0993394e-01   2.2382120e-01   2.3866919e-01   2.5458785e-01   2.7170883e-01
   9.1168909e-02   1.0366976e-01   1.1498266e-01   1.2558154e-01   1.3584503e-01   1.4607002e-01   1.5648608e-01   1.6726988e-01   1.7855884e-01   1.9046356e-01   2.0307866e-01   2.1649205e-01   2.3079298e-01   2.4607897e-01   2.6246253e-01   2.8007800e-01
   9.3695363e-02   1.0661252e-01   1.1831581e-01   1.2928381e-01   1.3990053e-01   1.5046861e-01   1.6122344e-01   1.7234724e-01   1.8398256e-01   1.9624454e-01   2.0923174e-01   2.2303549e-01   2.3774797e-01   2.5346939e-01   2.7031485e-01   2.8842142e-01
   9.6206448e-02   1.0954027e-01   1.2163459e-01   1.3297254e-01   1.4394336e-01   1.5485531e-01   1.6594944e-01   1.7741345e-01   1.8939492e-01   2.0201349e-01   2.1537164e-01   2.2956412e-01   2.4468606e-01   2.6084038e-01   2.7814477e-01   2.9673901e-01
   9.8702322e-02   1.1245314e-01   1.2493910e-01   1.3664777e-01   1.4797351e-01   1.5923006e-01   1.7066400e-01   1.8246839e-01   1.9479578e-01   2.0777026e-01   2.2149824e-01   2.3607782e-01   2.5160714e-01   2.6819183e-01   2.8595220e-01   3.0503073e-01
   1.0118314e-01   1.1535127e-01   1.2822942e-01   1.4030955e-01   1.5199098e-01   1.6359279e-01   1.7536701e-01   1.8751193e-01   2.0018500e-01   2.1351473e-01   2.2761138e-01   2.4257647e-01   2.5851112e-01   2.7552368e-01   2.9373709e-01   3.1329648e-01
   1.0364903e-01   1.1823476e-01   1.3150565e-01   1.4395792e-01   1.5599576e-01   1.6794347e-01   1.8005838e-01   1.9254396e-01   2.0556246e-01   2.1924675e-01   2.3371095e-01   2.4905995e-01   2.6539788e-01   2.8283583e-01   3.0149934e-01   3.2153618e-01
   1.0610015e-01   1.2110375e-01   1.3476787e-01   1.4759292e-01   1.5998783e-01   1.7228203e-01   1.8473803e-01   1.9756436e-01   2.1092803e-01   2.2496619e-01   2.3979680e-01   2.5552815e-01   2.7226733e-01   2.9012818e-01   3.0923887e-01   3.2974971e-01
   1.0853660e-01   1.2395834e-01   1.3801616e-01   1.5121458e-01   1.6396721e-01   1.7660844e-01   1.8940589e-01   2.0257304e-01   2.1628158e-01   2.3067292e-01   2.4586883e-01   2.6198094e-01   2.7911936e-01   2.9740066e-01   3.1695558e-01   3.3793695e-01
   1.1095853e-01   1.2679863e-01   1.4125060e-01   1.5482296e-01   1.6793388e-01   1.8092265e-01   1.9406186e-01   2.0756989e-01   2.2162299e-01   2.3636682e-01   2.5192690e-01   2.6841822e-01   2.8595387e-01   3.0465316e-01   3.2464937e-01   3.4609778e-01
   1.1336603e-01   1.2962473e-01   1.4447126e-01   1.5841808e-01   1.7188784e-01   1.8522462e-01   1.9870588e-01   2.1255480e-01   2.2695216e-01   2.4204777e-01   2.5797090e-01   2.7483986e-01   2.9277076e-01   3.1188557e-01   3.3232013e-01   3.5423206e-01
   1.1575922e-01   1.3243673e-01   1.4767820e-01   1.6199998e-01   1.7582910e-01   1.8951431e-01   2.0333788e-01   2.1752768e-01   2.3226897e-01   2.4771564e-01   2.6400070e-01   2.8124577e-01   2.9956991e-01   3.1909780e-01   3.3996774e-01   3.6233962e-01
   1.1813821e-01   1.3523473e-01   1.5087149e-01   1.6556869e-01   1.7975764e-01   1.9379168e-01   2.0795779e-01   2.2248845e-01   2.3757331e-01   2.5337034e-01   2.7001620e-01   2.8763582e-01   3.0635121e-01   3.2628973e-01   3.4759207e-01   3.7042031e-01
   1.2050309e-01   1.3801880e-01   1.5405121e-01   1.6912425e-01   1.8367346e-01   1.9805670e-01   2.1256554e-01   2.2743701e-01   2.4286508e-01   2.5901173e-01   2.7601728e-01   2.9400991e-01   3.1311457e-01   3.3346124e-01   3.5519300e-01   3.7847396e-01
   1.2285395e-01   1.4078904e-01   1.5721740e-01   1.7266668e-01   1.8757657e-01   2.0230934e-01   2.1716108e-01   2.3237328e-01   2.4814418e-01   2.6463972e-01   2.8200382e-01   3.0036793e-01   3.1985986e-01   3.4061222e-01   3.6277037e-01   3.8650039e-01
   1.2519089e-01   1.4354551e-01   1.6037012e-01   1.7619602e-01   1.9146697e-01   2.0654955e-01   2.2174433e-01   2.3729717e-01   2.5341051e-01   2.7025420e-01   2.8797573e-01   3.0670975e-01   3.2658698e-01   3.4774254e-01   3.7032405e-01   3.9449942e-01
   1.2751399e-01   1.4628829e-01   1.6350943e-01   1.7971230e-01   1.9534464e-01   2.1077732e-01   2.2631525e-01   2.4220861e-01   2.5866398e-01   2.7585506e-01   2.9393289e-01   3.1303528e-01   3.3329580e-01   3.5485208e-01   3.7785388e-01   4.0247085e-01
   1.2982333e-01   1.4901746e-01   1.6663538e-01   1.8321554e-01   1.9920960e-01   2.1499261e-01   2.3087378e-01   2.4710752e-01   2.6390449e-01   2.8144221e-01   2.9987518e-01   3.1934440e-01   3.3998621e-01   3.6194070e-01   3.8535971e-01   4.1041449e-01
   1.3211899e-01   1.5173308e-01   1.6974803e-01   1.8670576e-01   2.0306183e-01   2.1919539e-01   2.3541986e-01   2.5199383e-01   2.6913196e-01   2.8701554e-01   3.0580252e-01   3.2563700e-01   3.4665809e-01   3.6900827e-01   3.9284137e-01   4.1833014e-01
   1.3440103e-01   1.5443522e-01   1.7284741e-01   1.9018300e-01   2.0690134e-01   2.2338564e-01   2.3995344e-01   2.5686745e-01   2.7434629e-01   2.9257495e-01   3.1171478e-01   3.3191296e-01   3.5331131e-01   3.7605465e-01   4.0029870e-01   4.2621759e-01
   1.3666954e-01   1.5712393e-01   1.7593357e-01   1.9364727e-01   2.1072813e-01   2.2756332e-01   2.4447447e-01   2.6172833e-01   2.7954741e-01   2.9812034e-01   3.1761187e-01   3.3817218e-01   3.5994575e-01   3.8307969e-01   4.0773153e-01   4.3407665e-01
   1.3892458e-01   1.5979927e-01   1.7900656e-01   1.9709860e-01   2.1454219e-01   2.3172841e-01   2.4898291e-01   2.6657640e-01   2.8473522e-01   3.0365163e-01   3.2349367e-01   3.4441453e-01   3.6656128e-01   3.9008325e-01   4.1513970e-01   4.4190711e-01
   1.4116620e-01   1.6246130e-01   1.8206641e-01   2.0053701e-01   2.1834352e-01   2.3588089e-01   2.5347870e-01   2.7141158e-01   2.8990964e-01   3.0916871e-01   3.2936010e-01   3.5063990e-01   3.7315778e-01   3.9706519e-01   4.2252301e-01   4.4970875e-01
   1.4339447e-01   1.6511008e-01   1.8511317e-01   2.0396251e-01   2.2213212e-01   2.4002073e-01   2.5796180e-01   2.7623381e-01   2.9507060e-01   3.1467150e-01   3.3521103e-01   3.5684818e-01   3.7973512e-01   4.0402535e-01   4.2988131e-01   4.5748138e-01
   1.4560945e-01   1.6774565e-01   1.8814687e-01   2.0737513e-01   2.2590799e-01   2.4414791e-01   2.6243217e-01   2.8104303e-01   3.0021802e-01   3.2015990e-01   3.4104636e-01   3.6303925e-01   3.8629315e-01   4.1096358e-01   4.3721441e-01   4.6522478e-01
   1.4781119e-01   1.7036805e-01   1.9116754e-01   2.1077488e-01   2.2967112e-01   2.4826240e-01   2.6688975e-01   2.8583918e-01   3.0535181e-01   3.2563381e-01   3.4686600e-01   3.6921299e-01   3.9283176e-01   4.1787973e-01   4.4452213e-01   4.7293875e-01
   1.4999974e-01   1.7297734e-01   1.9417522e-01   2.1416178e-01   2.3342151e-01   2.5236418e-01   2.7133451e-01   2.9062219e-01   3.1047190e-01   3.3109315e-01   3.5266984e-01   3.7536929e-01   3.9935080e-01   4.2477364e-01   4.5180430e-01   4.8062309e-01
   1.5217515e-01   1.7557356e-01   1.9716995e-01   2.1753585e-01   2.3715916e-01   2.5645322e-01   2.7576640e-01   2.9539200e-01   3.1557821e-01   3.3653783e-01   3.5845777e-01   3.8150802e-01   4.0585015e-01   4.3164517e-01   4.5906073e-01   4.8827759e-01
   1.5433748e-01   1.7815675e-01   2.0015174e-01   2.2089709e-01   2.4088406e-01   2.6052950e-01   2.8018538e-01   3.0014856e-01   3.2067067e-01   3.4196776e-01   3.6422969e-01   3.8762907e-01   4.1232965e-01   4.3849414e-01   4.6629126e-01   4.9590206e-01
   1.5648675e-01   1.8072694e-01   2.0312062e-01   2.2424553e-01   2.4459621e-01   2.6459300e-01   2.8459141e-01   3.0489181e-01   3.2574921e-01   3.4738285e-01   3.6998549e-01   3.9373232e-01   4.1878919e-01   4.4532042e-01   4.7349570e-01   5.0349630e-01
   1.5862302e-01   1.8328418e-01   2.0607663e-01   2.2758117e-01   2.4829561e-01   2.6864370e-01   2.8898445e-01   3.0962168e-01   3.3081374e-01   3.5278300e-01   3.7572508e-01   3.9981764e-01   4.2522862e-01   4.5212384e-01   4.8067388e-01   5.1106011e-01
   1.6074633e-01   1.8582849e-01   2.0901979e-01   2.3090402e-01   2.5198224e-01   2.7268158e-01   2.9336446e-01   3.1433812e-01   3.3586419e-01   3.5816813e-01   3.8144835e-01   4.0588493e-01   4.3164781e-01   4.5890425e-01   4.8782563e-01   5.1859331e-01
   1.6285670e-01   1.8835992e-01   2.1195012e-01   2.3421410e-01   2.5565611e-01   2.7670660e-01   2.9773139e-01   3.1904107e-01   3.4090050e-01   3.6353816e-01   3.8715519e-01   4.1193406e-01   4.3804661e-01   4.6566149e-01   4.9495077e-01   5.2609572e-01
   1.6495419e-01   1.9087849e-01   2.1486765e-01   2.3751141e-01   2.5931720e-01   2.8071875e-01   3.0208522e-01   3.2373048e-01   3.4592259e-01   3.6889299e-01   3.9284550e-01   4.1796490e-01   4.4442489e-01   4.7239540e-01   5.0204913e-01   5.3356715e-01
   1.6703882e-01   1.9338423e-01   2.1777239e-01   2.4079597e-01   2.6296551e-01   2.8471801e-01   3.0642589e-01   3.2840630e-01   3.5093039e-01   3.7423253e-01   3.9851918e-01   4.2397735e-01   4.5078253e-01   4.7910585e-01   5.0912056e-01   5.4100743e-01
   1.6911063e-01   1.9587717e-01   2.2066436e-01   2.4406777e-01   2.6660104e-01   2.8870435e-01   3.1075337e-01   3.3306845e-01   3.5592382e-01   3.7955670e-01   4.0417612e-01   4.2997128e-01   4.5711937e-01   4.8579267e-01   5.1616487e-01   5.4841638e-01
   1.7116964e-01   1.9835734e-01   2.2354358e-01   2.4732683e-01   2.7022377e-01   2.9267775e-01   3.1506762e-01   3.3771690e-01   3.6090282e-01   3.8486542e-01   4.0981623e-01   4.3594657e-01   4.6343528e-01   4.9245572e-01   5.2318192e-01   5.5579386e-01
   1.7321589e-01   2.0082476e-01   2.2641007e-01   2.5057315e-01   2.7383370e-01   2.9663818e-01   3.1936861e-01   3.4235158e-01   3.6586731e-01   3.9015859e-01   4.1543939e-01   4.4190310e-01   4.6973014e-01   4.9909484e-01   5.3017155e-01   5.6313968e-01
   1.7524939e-01   2.0327945e-01   2.2926385e-01   2.5380674e-01   2.7743082e-01   3.0058562e-01   3.2365628e-01   3.4697244e-01   3.7081722e-01   3.9543612e-01   4.2104550e-01   4.4784076e-01   4.7600381e-01   5.0570990e-01   5.3713359e-01   5.7045371e-01
   1.7727019e-01   2.0572144e-01   2.3210492e-01   2.5702760e-01   2.8101511e-01   3.0452006e-01   3.2793061e-01   3.5157942e-01   3.7575249e-01   4.0069794e-01   4.2663448e-01   4.5375943e-01   4.8225615e-01   5.1230075e-01   5.4406791e-01   5.7773579e-01
   1.7927830e-01   2.0815075e-01   2.3493330e-01   2.6023572e-01   2.8458658e-01   3.0844145e-01   3.3219155e-01   3.5617247e-01   3.8067303e-01   4.0594395e-01   4.3220620e-01   4.5965899e-01   4.8848704e-01   5.1886725e-01   5.5097436e-01   5.8498577e-01
   1.8127375e-01   2.1056739e-01   2.3774900e-01   2.6343112e-01   2.8814520e-01   3.1234979e-01   3.3643906e-01   3.6075154e-01   3.8557879e-01   4.1117406e-01   4.3776057e-01   4.6553932e-01   4.9469635e-01   5.2540926e-01   5.5785279e-01   5.9220353e-01
   1.8325655e-01   2.1297138e-01   2.4055204e-01   2.6661380e-01   2.9169097e-01   3.1624504e-01   3.4067311e-01   3.6531656e-01   3.9046968e-01   4.1638821e-01   4.4329750e-01   4.7140032e-01   5.0088395e-01   5.3192664e-01   5.6470306e-01   5.9938893e-01
   1.8522673e-01   2.1536275e-01   2.4334242e-01   2.6978375e-01   2.9522388e-01   3.2012718e-01   3.4489365e-01   3.6986749e-01   3.9534565e-01   4.2158629e-01   4.4881687e-01   4.7724186e-01   5.0704972e-01   5.3841926e-01   5.7152504e-01   6.0654184e-01
   1.8718430e-01   2.1774149e-01   2.4612015e-01   2.7294098e-01   2.9874391e-01   3.2399619e-01   3.4910065e-01   3.7440427e-01   4.0020662e-01   4.2676822e-01   4.5431860e-01   4.8306384e-01   5.1319353e-01   5.4488700e-01   5.7831861e-01   6.1366215e-01
   1.8912928e-01   2.2010764e-01   2.4888524e-01   2.7608547e-01   3.0225105e-01   3.2785203e-01   3.5329407e-01   3.7892685e-01   4.0505252e-01   4.3193392e-01   4.5980258e-01   4.8886614e-01   5.1931527e-01   5.5132972e-01   5.8508362e-01   6.2074974e-01
   1.9106170e-01   2.2246120e-01   2.5163770e-01   2.7921724e-01   3.0574529e-01   3.3169469e-01   3.5747386e-01   3.8343517e-01   4.0988328e-01   4.3708331e-01   4.6526871e-01   4.9464866e-01   5.2541481e-01   5.5774731e-01   5.9181998e-01   6.2780450e-01
   1.9298155e-01   2.2480218e-01   2.5437753e-01   2.8233628e-01   3.0922661e-01   3.3552413e-01   3.6163998e-01   3.8792918e-01   4.1469884e-01   4.4221630e-01   4.7071691e-01   5.0041129e-01   5.3149203e-01   5.6413963e-01   5.9852755e-01   6.3482634e-01
   1.9488886e-01   2.2713059e-01   2.5710473e-01   2.8544257e-01   3.1269500e-01   3.3934033e-01   3.6579240e-01   3.9240882e-01   4.1949912e-01   4.4733281e-01   4.7614707e-01   5.0615391e-01   5.3754683e-01   5.7050658e-01   6.0520623e-01   6.4181515e-01
   1.9678364e-01   2.2944645e-01   2.5981931e-01   2.8853613e-01   3.1615045e-01   3.4314327e-01   3.6993108e-01   3.9687404e-01   4.2428406e-01   4.5243276e-01   4.8155910e-01   5.1187643e-01   5.4357908e-01   5.7684804e-01   6.1185591e-01   6.4877085e-01
   1.9866590e-01   2.3174975e-01   2.6252127e-01   2.9161694e-01   3.1959293e-01   3.4693291e-01   3.7405597e-01   4.0132478e-01   4.2905358e-01   4.5751607e-01   4.8695290e-01   5.1757874e-01   5.4958869e-01   5.8316391e-01   6.1847648e-01   6.5569335e-01
   2.0053565e-01   2.3404052e-01   2.6521062e-01   2.9468500e-01   3.2302244e-01   3.5070922e-01   3.7816703e-01   4.0576100e-01   4.3380763e-01   4.6258265e-01   4.9232839e-01   5.2326075e-01   5.5557554e-01   5.8945406e-01   6.2506785e-01   6.6258258e-01
   2.0239290e-01   2.3631875e-01   2.6788735e-01   2.9774029e-01   3.2643895e-01   3.5447219e-01   3.8226423e-01   4.1018263e-01   4.3854614e-01   4.6763243e-01   4.9768547e-01   5.2892234e-01   5.6153953e-01   5.9571841e-01   6.3162993e-01   6.6943846e-01
   2.0423766e-01   2.3858445e-01   2.7055147e-01   3.0078282e-01   3.2984244e-01   3.5822177e-01   3.8634752e-01   4.1458963e-01   4.4326903e-01   4.7266533e-01   5.0302405e-01   5.3456342e-01   5.6748055e-01   6.0195684e-01   6.3816263e-01   6.7626092e-01
   2.0606993e-01   2.4083762e-01   2.7320296e-01   3.0381257e-01   3.3323291e-01   3.6195794e-01   3.9041686e-01   4.1898193e-01   4.4797624e-01   4.7768126e-01   5.0834405e-01   5.4018390e-01   5.7339852e-01   6.0816928e-01   6.4466585e-01   6.8304991e-01
   2.0788971e-01   2.4307827e-01   2.7584184e-01   3.0682953e-01   3.3661033e-01   3.6568068e-01   3.9447221e-01   4.2335949e-01   4.5266771e-01   4.8268016e-01   5.1364537e-01   5.4578369e-01   5.7929332e-01   6.1435561e-01   6.5113953e-01   6.8980536e-01
   2.0969703e-01   2.4530640e-01   2.7846810e-01   3.0983370e-01   3.3997468e-01   3.6938995e-01   3.9851353e-01   4.2772225e-01   4.5734337e-01   4.8766195e-01   5.1892793e-01   5.5136268e-01   5.8516487e-01   6.2051576e-01   6.5758359e-01   6.9652724e-01
   2.1149187e-01   2.4752201e-01   2.8108173e-01   3.1282506e-01   3.4332594e-01   3.7308572e-01   4.0254078e-01   4.3207017e-01   4.6200315e-01   4.9262654e-01   5.2419165e-01   5.5692079e-01   5.9101308e-01   6.2664964e-01   6.6399795e-01   7.0321549e-01
   2.1327424e-01   2.4972510e-01   2.8368274e-01   3.1580360e-01   3.4666409e-01   3.7676796e-01   4.0655391e-01   4.3640317e-01   4.6664699e-01   4.9757387e-01   5.2943645e-01   5.6245794e-01   5.9683786e-01   6.3275717e-01   6.7038255e-01   7.0987007e-01
   2.1504414e-01   2.5191567e-01   2.8627110e-01   3.1876932e-01   3.4998911e-01   3.8043664e-01   4.1055289e-01   4.4072123e-01   4.7127483e-01   5.0250386e-01   5.3466224e-01   5.6797403e-01   6.0263913e-01   6.3883826e-01   6.7673733e-01   7.1649096e-01
   2.1680158e-01   2.5409372e-01   2.8884683e-01   3.2172219e-01   3.5330099e-01   3.8409173e-01   4.1453766e-01   4.4502427e-01   4.7588661e-01   5.0741643e-01   5.3986894e-01   5.7346899e-01   6.0841679e-01   6.4489285e-01   6.8306224e-01   7.2307812e-01
   2.1854656e-01   2.5625925e-01   2.9140991e-01   3.2466220e-01   3.5659969e-01   3.8773320e-01   4.1850820e-01   4.4931225e-01   4.8048225e-01   5.1231153e-01   5.4505647e-01   5.7894272e-01   6.1417078e-01   6.5092087e-01   6.8935722e-01   7.2963152e-01
   2.2027907e-01   2.5841225e-01   2.9396034e-01   3.2758935e-01   3.5988520e-01   3.9136102e-01   4.2246446e-01   4.5358512e-01   4.8506171e-01   5.1718907e-01   5.5022476e-01   5.8439516e-01   6.1990101e-01   6.5692225e-01   6.9562221e-01   7.3615116e-01
   2.2199911e-01   2.6055273e-01   2.9649810e-01   3.3050361e-01   3.6315750e-01   3.9497516e-01   4.2640640e-01   4.5784282e-01   4.8962491e-01   5.2204899e-01   5.5537374e-01   5.8982623e-01   6.2560741e-01   6.6289692e-01   7.0185719e-01   7.4263701e-01
   2.2370668e-01   2.6268067e-01   2.9902319e-01   3.3340497e-01   3.6641656e-01   3.9857557e-01   4.3033398e-01   4.6208531e-01   4.9417180e-01   5.2689122e-01   5.6050332e-01   5.9523584e-01   6.3128992e-01   6.6884482e-01   7.0806210e-01   7.4908906e-01
   2.2540177e-01   2.6479607e-01   3.0153560e-01   3.3629342e-01   3.6966235e-01   4.0216225e-01   4.3424715e-01   4.6631253e-01   4.9870232e-01   5.3171569e-01   5.6561344e-01   6.0062394e-01   6.3694846e-01   6.7476591e-01   7.1423692e-01   7.5550732e-01
   2.2708439e-01   2.6689892e-01   3.0403532e-01   3.3916893e-01   3.7289487e-01   4.0573514e-01   4.3814587e-01   4.7052443e-01   5.0321641e-01   5.3652233e-01   5.7070403e-01   6.0599044e-01   6.4258297e-01   6.8066012e-01   7.2038160e-01   7.6189178e-01
   2.2875453e-01   2.6898922e-01   3.0652233e-01   3.4203150e-01   3.7611407e-01   4.0929422e-01   4.4203011e-01   4.7472096e-01   5.0771400e-01   5.4131109e-01   5.7577501e-01   6.1133528e-01   6.4819338e-01   6.8652741e-01   7.2649613e-01   7.6824244e-01
   2.3041218e-01   2.7106696e-01   3.0899663e-01   3.4488110e-01   3.7931994e-01   4.1283945e-01   4.4589982e-01   4.7890208e-01   5.1219506e-01   5.4608190e-01   5.8082633e-01   6.1665840e-01   6.5377965e-01   6.9236774e-01   7.3258048e-01   7.7455932e-01
   2.3205734e-01   2.7313214e-01   3.1145821e-01   3.4771772e-01   3.8251245e-01   4.1637081e-01   4.4975495e-01   4.8306773e-01   5.1665950e-01   5.5083469e-01   5.8585792e-01   6.2195973e-01   6.5934170e-01   6.9818105e-01   7.3863463e-01   7.8084242e-01
   2.3368999e-01   2.7518473e-01   3.1390705e-01   3.5054134e-01   3.8569158e-01   4.1988826e-01   4.5359548e-01   4.8721786e-01   5.2110729e-01   5.5556941e-01   5.9086972e-01   6.2723921e-01   6.6487950e-01   7.0396732e-01   7.4465857e-01   7.8709177e-01
   2.3531014e-01   2.7722474e-01   3.1634313e-01   3.5335194e-01   3.8885730e-01   4.2339176e-01   4.5742136e-01   4.9135243e-01   5.2553837e-01   5.6028599e-01   5.9586165e-01   6.3249678e-01   6.7039298e-01   7.0972650e-01   7.5065228e-01   7.9330739e-01
   2.3691777e-01   2.7925216e-01   3.1876645e-01   3.5614950e-01   3.9200958e-01   4.2688129e-01   4.6123255e-01   4.9547139e-01   5.2995267e-01   5.6498438e-01   6.0083367e-01   6.3773239e-01   6.7588210e-01   7.1545857e-01   7.5661575e-01   7.9948930e-01
   2.3851287e-01   2.8126696e-01   3.2117699e-01   3.5893401e-01   3.9514841e-01   4.3035681e-01   4.6502900e-01   4.9957469e-01   5.3435016e-01   5.6966453e-01   6.0578572e-01   6.4294598e-01   6.8134681e-01   7.2116349e-01   7.6254898e-01   8.0563753e-01
   2.4009544e-01   2.8326915e-01   3.2357473e-01   3.6170543e-01   3.9827375e-01   4.3381829e-01   4.6881068e-01   5.0366229e-01   5.3873077e-01   5.7432636e-01   6.1071774e-01   6.4813750e-01   6.8678708e-01   7.2684124e-01   7.6845198e-01   8.1175211e-01
   2.4166546e-01   2.8525870e-01   3.2595966e-01   3.6446376e-01   4.0138558e-01   4.3726570e-01   4.7257755e-01   5.0773413e-01   5.4309446e-01   5.7896984e-01   6.1562968e-01   6.5330690e-01   6.9220287e-01   7.3249180e-01   7.7432473e-01   8.1783309e-01
   2.4322292e-01   2.8723561e-01   3.2833176e-01   3.6720897e-01   4.0448387e-01   4.4069900e-01   4.7632958e-01   5.1179018e-01   5.4744117e-01   5.8359490e-01   6.2052148e-01   6.5845413e-01   6.9759412e-01   7.3811514e-01   7.8016725e-01   8.2388049e-01
   2.4476781e-01   2.8919986e-01   3.3069102e-01   3.6994103e-01   4.0756859e-01   4.4411815e-01   4.8006671e-01   5.1583038e-01   5.5177086e-01   5.8820151e-01   6.2539309e-01   6.6357915e-01   7.0296083e-01   7.4371126e-01   7.8597955e-01   8.2989437e-01
   2.4630012e-01   2.9115143e-01   3.3303742e-01   3.7265994e-01   4.1063973e-01   4.4752314e-01   4.8378891e-01   5.1985470e-01   5.5608348e-01   5.9278959e-01   6.3024447e-01   6.6868192e-01   7.0830294e-01   7.4928014e-01   7.9176164e-01   8.3587478e-01
   2.4781984e-01   2.9309032e-01   3.3537094e-01   3.7536566e-01   4.1369724e-01   4.5091392e-01   4.8749614e-01   5.2386309e-01   5.6037898e-01   5.9735912e-01   6.3507557e-01   6.7376239e-01   7.1362044e-01   7.5482176e-01   7.9751354e-01   8.4182175e-01
   2.4932694e-01   2.9501651e-01   3.3769156e-01   3.7805818e-01   4.1674111e-01   4.5429046e-01   4.9118837e-01   5.2785550e-01   5.6465731e-01   6.0191004e-01   6.3988634e-01   6.7882053e-01   7.1891329e-01   7.6033613e-01   8.0323526e-01   8.4773536e-01
   2.5082143e-01   2.9692998e-01   3.3999927e-01   3.8073746e-01   4.1977130e-01   4.5765273e-01   4.9486556e-01   5.3183190e-01   5.6891843e-01   6.0644230e-01   6.4467675e-01   6.8385629e-01   7.2418148e-01   7.6582323e-01   8.0892682e-01   8.5361564e-01
   2.5230328e-01   2.9883072e-01   3.4229404e-01   3.8340350e-01   4.2278779e-01   4.6100069e-01   4.9852766e-01   5.3579224e-01   5.7316229e-01   6.1095586e-01   6.4944674e-01   6.8886966e-01   7.2942498e-01   7.7128307e-01   8.1458826e-01   8.5946267e-01
   2.5377247e-01   3.0071871e-01   3.4457586e-01   3.8605626e-01   4.2579056e-01   4.6433433e-01   5.0217465e-01   5.3973649e-01   5.7738885e-01   6.1545067e-01   6.5419628e-01   6.9386059e-01   7.3464377e-01   7.7671564e-01   8.2021960e-01   8.6527651e-01
   2.5522900e-01   3.0259393e-01   3.4684471e-01   3.8869573e-01   4.2877957e-01   4.6765359e-01   5.0580648e-01   5.4366459e-01   5.8159808e-01   6.1992670e-01   6.5892534e-01   6.9882905e-01   7.3983785e-01   7.8212095e-01   8.2582087e-01   8.7105722e-01
   2.5667285e-01   3.0445637e-01   3.4910056e-01   3.9132188e-01   4.3175479e-01   4.7095845e-01   5.0942312e-01   5.4757652e-01   5.8578992e-01   6.2438391e-01   6.6363387e-01   7.0377503e-01   7.4500718e-01   7.8749901e-01   8.3139211e-01   8.7680487e-01
   2.5810399e-01   3.0630601e-01   3.5134341e-01   3.9393468e-01   4.3471621e-01   4.7424888e-01   5.1302453e-01   5.5147223e-01   5.8996434e-01   6.2882225e-01   6.6832184e-01   7.0869848e-01   7.5015177e-01   7.9284982e-01   8.3693335e-01   8.8251953e-01
   2.5952242e-01   3.0814283e-01   3.5357322e-01   3.9653411e-01   4.3766378e-01   4.7752484e-01   5.1661068e-01   5.5535169e-01   5.9412129e-01   6.3324169e-01   6.7298922e-01   7.1359939e-01   7.5527160e-01   7.9817340e-01   8.4244462e-01   8.8820127e-01
   2.6092811e-01   3.0996680e-01   3.5578997e-01   3.9912015e-01   4.4059749e-01   4.8078631e-01   5.2018153e-01   5.5921485e-01   5.9826075e-01   6.3764219e-01   6.7763597e-01   7.1847775e-01   7.6036667e-01   8.0346977e-01   8.4792598e-01   8.9385018e-01
   2.6232105e-01   3.1177792e-01   3.5799366e-01   4.0169278e-01   4.4351730e-01   4.8403326e-01   5.2373705e-01   5.6306169e-01   6.0238267e-01   6.4202372e-01   6.8226208e-01   7.2333352e-01   7.6543698e-01   8.0873893e-01   8.5337747e-01   8.9946633e-01
   2.6370122e-01   3.1357617e-01   3.6018424e-01   4.0425196e-01   4.4642319e-01   4.8726564e-01   5.2727721e-01   5.6689216e-01   6.0648702e-01   6.4638624e-01   6.8686751e-01   7.2816669e-01   7.7048252e-01   8.1398091e-01   8.5879913e-01   9.0504980e-01
   2.6506860e-01   3.1536152e-01   3.6236171e-01   4.0679768e-01   4.4931514e-01   4.9048344e-01   5.3080197e-01   5.7070623e-01   6.1057376e-01   6.5072973e-01   6.9145223e-01   7.3297725e-01   7.7550328e-01   8.1919573e-01   8.6419101e-01   9.1060068e-01
   2.6642317e-01   3.1713395e-01   3.6452603e-01   4.0932991e-01   4.5219310e-01   4.9368662e-01   5.3431129e-01   5.7450387e-01   6.1464286e-01   6.5505414e-01   6.9601623e-01   7.3776518e-01   7.8049929e-01   8.2438341e-01   8.6955316e-01   9.1611905e-01
   2.6776492e-01   3.1889344e-01   3.6667720e-01   4.1184863e-01   4.5505706e-01   4.9687515e-01   5.3780515e-01   5.7828504e-01   6.1869428e-01   6.5935946e-01   7.0055947e-01   7.4253047e-01   7.8547053e-01   8.2954398e-01   8.7488565e-01   9.2160500e-01
   2.6909382e-01   3.2063998e-01   3.6881518e-01   4.1435381e-01   4.5790699e-01   5.0004900e-01   5.4128351e-01   5.8204971e-01   6.2272800e-01   6.6364565e-01   7.0508194e-01   7.4727311e-01   7.9041701e-01   8.3467747e-01   8.8018851e-01   9.2705862e-01
   2.7040985e-01   3.2237354e-01   3.7093995e-01   4.1684543e-01   4.6074286e-01   5.0320814e-01   5.4474635e-01   5.8579784e-01   6.2674399e-01   6.6791269e-01   7.0958362e-01   7.5199310e-01   7.9533875e-01   8.3978390e-01   8.8546182e-01   9.3248000e-01
   2.7171299e-01   3.2409409e-01   3.7305149e-01   4.1932345e-01   4.6356464e-01   5.0635254e-01   5.4819363e-01   5.8952942e-01   6.3074221e-01   6.7216056e-01   7.1406449e-01   7.5669043e-01   8.0023576e-01   8.4486332e-01   8.9070563e-01   9.3786924e-01
   2.7300323e-01   3.2580163e-01   3.7514978e-01   4.2178787e-01   4.6637231e-01   5.0948217e-01   5.5162531e-01   5.9324440e-01   6.3472263e-01   6.7638922e-01   7.1852454e-01   7.6136509e-01   8.0510804e-01   8.4991575e-01   8.9592000e-01   9.4322642e-01
   2.7428053e-01   3.2749613e-01   3.7723480e-01   4.2423864e-01   4.6916584e-01   5.1259701e-01   5.5504138e-01   5.9694276e-01   6.3868524e-01   6.8059865e-01   7.2296375e-01   7.6601708e-01   8.0995562e-01   8.5494123e-01   9.0110500e-01   9.4855166e-01
   2.7554489e-01   3.2917756e-01   3.7930651e-01   4.2667576e-01   4.7194520e-01   5.1569703e-01   5.5844180e-01   6.0062447e-01   6.4262999e-01   6.8478884e-01   7.2738211e-01   7.7064640e-01   8.1477850e-01   8.5993980e-01   9.0626070e-01   9.5384504e-01
   2.7679627e-01   3.3084591e-01   3.8136491e-01   4.2909918e-01   4.7471037e-01   5.1878219e-01   5.6182655e-01   6.0428949e-01   6.4655688e-01   6.8895977e-01   7.3177961e-01   7.7525306e-01   8.1957671e-01   8.6491150e-01   9.1138716e-01   9.5910667e-01
   2.7803466e-01   3.3250114e-01   3.8340996e-01   4.3150890e-01   4.7746132e-01   5.2185247e-01   5.6519558e-01   6.0793781e-01   6.5046587e-01   6.9311142e-01   7.3615623e-01   7.7983705e-01   8.2435027e-01   8.6985637e-01   9.1648445e-01   9.6433666e-01
   2.7926004e-01   3.3414325e-01   3.8544164e-01   4.3390487e-01   4.8019802e-01   5.2490784e-01   5.6854889e-01   6.1156940e-01   6.5435694e-01   6.9724376e-01   7.4051197e-01   7.8439839e-01   8.2909919e-01   8.7477446e-01   9.2155264e-01   9.6953510e-01
   2.8047238e-01   3.3577220e-01   3.8745992e-01   4.3628708e-01   4.8292045e-01   5.2794828e-01   5.7188644e-01   6.1518423e-01   6.5823006e-01   7.0135678e-01   7.4484683e-01   7.8893707e-01   8.3382351e-01   8.7966582e-01   9.2659181e-01   9.7470210e-01
   2.8167167e-01   3.3738798e-01   3.8946479e-01   4.3865551e-01   4.8562858e-01   5.3097376e-01   5.7520820e-01   6.1878228e-01   6.6208523e-01   7.0545048e-01   7.4916079e-01   7.9345310e-01   8.3852325e-01   8.8453048e-01   9.3160203e-01   9.7983777e-01
   2.8285787e-01   3.3899056e-01   3.9145622e-01   4.4101013e-01   4.8832239e-01   5.3398425e-01   5.7851415e-01   6.2236352e-01   6.6592241e-01   7.0952483e-01   7.5345385e-01   7.9794650e-01   8.4319843e-01   8.8936850e-01   9.3658338e-01   9.8494222e-01
   2.8403097e-01   3.4057992e-01   3.9343419e-01   4.4335090e-01   4.9100184e-01   5.3697973e-01   5.8180427e-01   6.2592793e-01   6.6974159e-01   7.1357982e-01   7.5772602e-01   8.0241728e-01   8.4784909e-01   8.9417994e-01   9.4153594e-01   9.9001555e-01
   2.8519094e-01   3.4215603e-01   3.9539867e-01   4.4567782e-01   4.9366693e-01   5.3996017e-01   5.8507852e-01   6.2947549e-01   6.7354275e-01   7.1761544e-01   7.6197729e-01   8.0686544e-01   8.5247525e-01   8.9896484e-01   9.4645978e-01   9.9505789e-01
   2.8633777e-01   3.4371888e-01   3.9734965e-01   4.4799086e-01   4.9631761e-01   5.4292555e-01   5.8833689e-01   6.3300617e-01   6.7732587e-01   7.2163169e-01   7.6620765e-01   8.1129101e-01   8.5707694e-01   9.0372325e-01   9.5135499e-01   1.0000693e+00
   2.8747142e-01   3.4526844e-01   3.9928708e-01   4.5028998e-01   4.9895387e-01   5.4587585e-01   5.9157935e-01   6.3651996e-01   6.8109095e-01   7.2562855e-01   7.7041712e-01   8.1569399e-01   8.6165421e-01   9.0845524e-01   9.5622165e-01   1.0050500e+00
   2.8859188e-01   3.4680468e-01   4.0121096e-01   4.5257517e-01   5.0157568e-01   5.4881103e-01   5.9480588e-01   6.4001684e-01   6.8483795e-01   7.2960601e-01   7.7460570e-01   8.2007441e-01   8.6620708e-01   9.1316086e-01   9.6105983e-01   1.0100000e+00
   2.8969912e-01   3.4832759e-01   4.0312126e-01   4.5484640e-01   5.0418302e-01   5.5173107e-01   5.9801646e-01   6.4349679e-01   6.8856688e-01   7.3356408e-01   7.7877338e-01   8.2443228e-01   8.7073559e-01   9.1784016e-01   9.6586964e-01   1.0149195e+00
   2.9079313e-01   3.4983713e-01   4.0501796e-01   4.5710365e-01   5.0677586e-01   5.5463596e-01   6.0121107e-01   6.4695978e-01   6.9227771e-01   7.3750274e-01   7.8292018e-01   8.2876762e-01   8.7523979e-01   9.2249322e-01   9.7065115e-01   1.0198085e+00
   2.9187387e-01   3.5133330e-01   4.0690102e-01   4.5934690e-01   5.0935418e-01   5.5752567e-01   6.0438968e-01   6.5040581e-01   6.9597043e-01   7.4142199e-01   7.8704610e-01   8.3308046e-01   8.7971970e-01   9.2712008e-01   9.7540445e-01   1.0246672e+00
   2.9294132e-01   3.5281606e-01   4.0877044e-01   4.6157612e-01   5.1191796e-01   5.6040017e-01   6.0755228e-01   6.5383485e-01   6.9964504e-01   7.4532183e-01   7.9115115e-01   8.3737082e-01   8.8417536e-01   9.3172082e-01   9.8012963e-01   1.0294957e+00
   2.9399547e-01   3.5428539e-01   4.1062617e-01   4.6379129e-01   5.1446718e-01   5.6325945e-01   6.1069884e-01   6.5724689e-01   7.0330152e-01   7.4920225e-01   7.9523533e-01   8.4163871e-01   8.8860683e-01   9.3629550e-01   9.8482678e-01   1.0342942e+00
   2.9503628e-01   3.5574126e-01   4.1246822e-01   4.6599238e-01   5.1700180e-01   5.6610349e-01   6.1382935e-01   6.6064192e-01   7.0693987e-01   7.5306326e-01   7.9929867e-01   8.4588417e-01   8.9301415e-01   9.4084417e-01   9.8949598e-01   1.0390627e+00
   2.9606374e-01   3.5718366e-01   4.1429654e-01   4.6817938e-01   5.1952182e-01   5.6893226e-01   6.1694379e-01   6.6401992e-01   7.1056007e-01   7.5690485e-01   8.0334117e-01   8.5010723e-01   8.9739735e-01   9.4536691e-01   9.9413734e-01   1.0438013e+00
   2.9707782e-01   3.5861257e-01   4.1611111e-01   4.7035225e-01   5.2202720e-01   5.7174574e-01   6.2004214e-01   6.6738087e-01   7.1416212e-01   7.6072703e-01   8.0736285e-01   8.5430790e-01   9.0175648e-01   9.4986379e-01   9.9875094e-01   1.0485103e+00
   2.9807850e-01   3.6002795e-01   4.1791192e-01   4.7251099e-01   5.2451793e-01   5.7454391e-01   6.2312438e-01   6.7072477e-01   7.1774602e-01   7.6452980e-01   8.1136371e-01   8.5848622e-01   9.0609160e-01   9.5433487e-01   1.0033369e+00   1.0531897e+00
   2.9906576e-01   3.6142979e-01   4.1969894e-01   4.7465556e-01   5.2699399e-01   5.7732676e-01   6.2619050e-01   6.7405161e-01   7.2131175e-01   7.6831317e-01   8.1534378e-01   8.6264222e-01   9.1040274e-01   9.5878022e-01   1.0078953e+00   1.0578396e+00
   3.0003957e-01   3.6281806e-01   4.2147215e-01   4.7678594e-01   5.2945534e-01   5.8009427e-01   6.2924048e-01   6.7736136e-01   7.2485932e-01   7.7207713e-01   8.1930307e-01   8.6677593e-01   9.1468996e-01   9.6319992e-01   1.0124262e+00   1.0624601e+00
   3.0099991e-01   3.6419274e-01   4.2323153e-01   4.7890211e-01   5.3190199e-01   5.8284641e-01   6.3227432e-01   6.8065403e-01   7.2838871e-01   7.7582170e-01   8.2324160e-01   8.7088738e-01   9.1895331e-01   9.6759403e-01   1.0169297e+00   1.0670514e+00
   3.0194676e-01   3.6555381e-01   4.2497704e-01   4.8100406e-01   5.3433389e-01   5.8558317e-01   6.3529198e-01   6.8392960e-01   7.3189994e-01   7.7954687e-01   8.2715938e-01   8.7497661e-01   9.2319284e-01   9.7196263e-01   1.0214059e+00   1.0716137e+00
   3.0288009e-01   3.6690124e-01   4.2670868e-01   4.8309175e-01   5.3675104e-01   5.8830453e-01   6.3829346e-01   6.8718806e-01   7.3539299e-01   7.8325267e-01   8.3105644e-01   8.7904364e-01   9.2740861e-01   9.7630579e-01   1.0258550e+00   1.0761470e+00
   3.0379989e-01   3.6823502e-01   4.2842642e-01   4.8516517e-01   5.3915341e-01   5.9101047e-01   6.4127875e-01   6.9042941e-01   7.3886786e-01   7.8693909e-01   8.3493280e-01   8.8308852e-01   9.3160065e-01   9.8062358e-01   1.0302770e+00   1.0806514e+00
   3.0470613e-01   3.6955512e-01   4.3013024e-01   4.8722430e-01   5.4154099e-01   5.9370099e-01   6.4424783e-01   6.9365363e-01   7.4232456e-01   7.9060614e-01   8.3878847e-01   8.8711128e-01   9.3576904e-01   9.8491609e-01   1.0346720e+00   1.0851271e+00
   3.0559878e-01   3.7086151e-01   4.3182011e-01   4.8926912e-01   5.4391376e-01   5.9637605e-01   6.4720069e-01   6.9686073e-01   7.4576308e-01   7.9425385e-01   8.4262349e-01   8.9111197e-01   9.3991382e-01   9.8918338e-01   1.0390401e+00   1.0895742e+00
   3.0647784e-01   3.7215419e-01   4.3349602e-01   4.9129960e-01   5.4627169e-01   5.9903565e-01   6.5013732e-01   7.0005069e-01   7.4918344e-01   7.9788221e-01   8.4643787e-01   8.9509060e-01   9.4403506e-01   9.9342554e-01   1.0433814e+00   1.0939929e+00
   3.0734326e-01   3.7343312e-01   4.3515794e-01   4.9331573e-01   5.4861478e-01   6.0167978e-01   6.5305771e-01   7.0322351e-01   7.5258562e-01   8.0149124e-01   8.5023164e-01   8.9904724e-01   9.4813280e-01   9.9764263e-01   1.0476961e+00   1.0983832e+00
   3.0819504e-01   3.7469828e-01   4.3680586e-01   4.9531749e-01   5.5094300e-01   6.0430841e-01   6.5596185e-01   7.0637920e-01   7.5596963e-01   8.0508096e-01   8.5400482e-01   9.0298191e-01   9.5220711e-01   1.0018348e+00   1.0519842e+00   1.1027454e+00
   3.0903315e-01   3.7594966e-01   4.3843975e-01   4.9730486e-01   5.5325633e-01   6.0692154e-01   6.5884972e-01   7.0951773e-01   7.5933548e-01   8.0865137e-01   8.5775745e-01   9.0689466e-01   9.5625804e-01   1.0060020e+00   1.0562457e+00   1.1070794e+00
   3.0985756e-01   3.7718723e-01   4.4005959e-01   4.9927781e-01   5.5555477e-01   6.0951914e-01   6.6172133e-01   7.1263911e-01   7.6268318e-01   8.1220249e-01   8.6148954e-01   9.1078553e-01   9.6028566e-01   1.0101444e+00   1.0604810e+00   1.1113855e+00
   3.1066827e-01   3.7841097e-01   4.4166537e-01   5.0123634e-01   5.5783829e-01   6.1210122e-01   6.6457666e-01   7.1574334e-01   7.6601272e-01   8.1573435e-01   8.6520113e-01   9.1465457e-01   9.6429002e-01   1.0142620e+00   1.0646899e+00   1.1156638e+00
   3.1146524e-01   3.7962085e-01   4.4325706e-01   5.0318043e-01   5.6010688e-01   6.1466775e-01   6.6741570e-01   7.1883042e-01   7.6932412e-01   8.1924694e-01   8.6889224e-01   9.1850181e-01   9.6827119e-01   1.0183550e+00   1.0688727e+00   1.1199144e+00
   3.1224846e-01   3.8081687e-01   4.4483464e-01   5.0511005e-01   5.6236052e-01   6.1721872e-01   6.7023845e-01   7.2190034e-01   7.7261738e-01   8.2274030e-01   8.7256291e-01   9.2232731e-01   9.7222923e-01   1.0224235e+00   1.0730294e+00   1.1241374e+00
   3.1301790e-01   3.8199900e-01   4.4639810e-01   5.0702518e-01   5.6459919e-01   6.1975412e-01   6.7304490e-01   7.2495311e-01   7.7589251e-01   8.2621444e-01   8.7621316e-01   9.2613110e-01   9.7616420e-01   1.0264674e+00   1.0771602e+00   1.1283329e+00
   3.1377355e-01   3.8316722e-01   4.4794741e-01   5.0892582e-01   5.6682289e-01   6.2227394e-01   6.7583504e-01   7.2798872e-01   7.7914951e-01   8.2966938e-01   8.7984303e-01   9.2991323e-01   9.8007617e-01   1.0304869e+00   1.0812651e+00   1.1325012e+00
   3.1451538e-01   3.8432151e-01   4.4948257e-01   5.1081195e-01   5.6903160e-01   6.2477818e-01   6.7860888e-01   7.3100718e-01   7.8238841e-01   8.3310514e-01   8.8345255e-01   9.3367376e-01   9.8396519e-01   1.0344821e+00   1.0853443e+00   1.1366423e+00
   3.1524337e-01   3.8546184e-01   4.5100354e-01   5.1268354e-01   5.7122531e-01   6.2726681e-01   6.8136639e-01   7.3400849e-01   7.8560920e-01   8.3652173e-01   8.8704175e-01   9.3741272e-01   9.8783134e-01   1.0384530e+00   1.0893978e+00   1.1407564e+00
   3.1595752e-01   3.8658821e-01   4.5251031e-01   5.1454058e-01   5.7340400e-01   6.2973984e-01   6.8410759e-01   7.3699265e-01   7.8881190e-01   8.3991919e-01   8.9061067e-01   9.4113018e-01   9.9167468e-01   1.0423998e+00   1.0934258e+00   1.1448435e+00
   3.1665778e-01   3.8770059e-01   4.5400287e-01   5.1638306e-01   5.7556765e-01   6.3219725e-01   6.8683247e-01   7.3995966e-01   7.9199653e-01   8.4329753e-01   8.9415933e-01   9.4482616e-01   9.9549527e-01   1.0463225e+00   1.0974284e+00   1.1489038e+00
   3.1734415e-01   3.8879897e-01   4.5548119e-01   5.1821096e-01   5.7771627e-01   6.3463903e-01   6.8954101e-01   7.4290953e-01   7.9516308e-01   8.4665678e-01   8.9768779e-01   9.4850074e-01   9.9929319e-01   1.0502213e+00   1.1014056e+00   1.1529375e+00
   3.1801661e-01   3.8988332e-01   4.5694526e-01   5.2002427e-01   5.7984983e-01   6.3706518e-01   6.9223323e-01   7.4584227e-01   7.9831158e-01   8.4999695e-01   9.0119606e-01   9.5215394e-01   1.0030685e+00   1.0540961e+00   1.1053576e+00   1.1569446e+00
   3.1867514e-01   3.9095363e-01   4.5839506e-01   5.2182296e-01   5.8196832e-01   6.3947569e-01   6.9490912e-01   7.4875787e-01   8.0144204e-01   8.5331808e-01   9.0468419e-01   9.5578584e-01   1.0068212e+00   1.0579471e+00   1.1092845e+00   1.1609254e+00
   3.1931971e-01   3.9200987e-01   4.5983058e-01   5.2360704e-01   5.8407174e-01   6.4187055e-01   6.9756868e-01   7.5165635e-01   8.0455448e-01   8.5662018e-01   9.0815222e-01   9.5939647e-01   1.0105515e+00   1.0617744e+00   1.1131864e+00   1.1648799e+00
   3.1995032e-01   3.9305204e-01   4.6125180e-01   5.2537648e-01   5.8616007e-01   6.4424976e-01   7.0021190e-01   7.5453770e-01   8.0764890e-01   8.5990329e-01   9.1160018e-01   9.6298590e-01   1.0142594e+00   1.0655780e+00   1.1170634e+00   1.1688082e+00
   3.2056694e-01   3.9408011e-01   4.6265870e-01   5.2713127e-01   5.8823329e-01   6.4661331e-01   7.0283879e-01   7.5740194e-01   8.1072533e-01   8.6316743e-01   9.1502811e-01   9.6655417e-01   1.0179450e+00   1.0693581e+00   1.1209157e+00   1.1727105e+00
   3.2116956e-01   3.9509408e-01   4.6405127e-01   5.2887139e-01   5.9029142e-01   6.4896119e-01   7.0544935e-01   7.6024908e-01   8.1378378e-01   8.6641262e-01   9.1843605e-01   9.7010134e-01   1.0216082e+00   1.0731147e+00   1.1247432e+00   1.1765869e+00
   3.2175816e-01   3.9609391e-01   4.6542950e-01   5.3059684e-01   5.9233442e-01   6.5129340e-01   7.0804357e-01   7.6307911e-01   8.1682427e-01   8.6963890e-01   9.2182404e-01   9.7362745e-01   1.0252493e+00   1.0768480e+00   1.1285462e+00   1.1804376e+00
   3.2233271e-01   3.9707960e-01   4.6679337e-01   5.3230761e-01   5.9436230e-01   6.5360994e-01   7.1062147e-01   7.6589206e-01   8.1984681e-01   8.7284628e-01   9.2519212e-01   9.7713258e-01   1.0288682e+00   1.0805579e+00   1.1323247e+00   1.1842626e+00
   3.2289322e-01   3.9805112e-01   4.6814286e-01   5.3400367e-01   5.9637504e-01   6.5591080e-01   7.1318303e-01   7.6868793e-01   8.2285142e-01   8.7603481e-01   9.2854033e-01   9.8061676e-01   1.0324651e+00   1.0842447e+00   1.1360789e+00   1.1880622e+00
   3.2343965e-01   3.9900848e-01   4.6947796e-01   5.3568502e-01   5.9837264e-01   6.5819597e-01   7.1572827e-01   7.7146673e-01   8.2583813e-01   8.7920450e-01   9.3186871e-01   9.8408006e-01   1.0360400e+00   1.0879083e+00   1.1398088e+00   1.1918364e+00
   3.2397199e-01   3.9995164e-01   4.7079866e-01   5.3735165e-01   6.0035510e-01   6.6046547e-01   7.1825719e-01   7.7422846e-01   8.2880694e-01   8.8235540e-01   9.3517731e-01   9.8752253e-01   1.0395930e+00   1.0915489e+00   1.1435145e+00   1.1955853e+00
   3.2449024e-01   4.0088059e-01   4.7210494e-01   5.3900355e-01   6.0232239e-01   6.6271927e-01   7.2076979e-01   7.7697315e-01   8.3175789e-01   8.8548752e-01   9.3846617e-01   9.9094423e-01   1.0431242e+00   1.0951666e+00   1.1471963e+00   1.1993091e+00
   3.2499436e-01   4.0179532e-01   4.7339679e-01   5.4064070e-01   6.0427452e-01   6.6495739e-01   7.2326607e-01   7.7970080e-01   8.3469099e-01   8.8860090e-01   9.4173532e-01   9.9434522e-01   1.0466336e+00   1.0987614e+00   1.1508541e+00   1.2030080e+00
   3.2548435e-01   4.0269582e-01   4.7467420e-01   5.4226310e-01   6.0621148e-01   6.6717981e-01   7.2574604e-01   7.8241142e-01   8.3760625e-01   8.9169558e-01   9.4498482e-01   9.9772555e-01   1.0501213e+00   1.1023335e+00   1.1544881e+00   1.2066819e+00
   3.2596019e-01   4.0358207e-01   4.7593716e-01   5.4387074e-01   6.0813326e-01   6.6938655e-01   7.2820971e-01   7.8510503e-01   8.4050372e-01   8.9477157e-01   9.4821471e-01   1.0010853e+00   1.0535873e+00   1.1058829e+00   1.1580984e+00   1.2103312e+00
   3.2642188e-01   4.0445406e-01   4.7718566e-01   5.4546361e-01   6.1003987e-01   6.7157759e-01   7.3065707e-01   7.8778164e-01   8.4338339e-01   8.9782892e-01   9.5142503e-01   1.0044245e+00   1.0570319e+00   1.1094097e+00   1.1616851e+00   1.2139558e+00
   3.2686938e-01   4.0531177e-01   4.7841967e-01   5.4704169e-01   6.1193129e-01   6.7375294e-01   7.3308815e-01   7.9044126e-01   8.4624531e-01   9.0086766e-01   9.5461582e-01   1.0077432e+00   1.0604549e+00   1.1129141e+00   1.1652483e+00   1.2175560e+00
   3.2730270e-01   4.0615519e-01   4.7963921e-01   5.4860499e-01   6.1380751e-01   6.7591260e-01   7.3550293e-01   7.9308391e-01   8.4908948e-01   9.0388782e-01   9.5778714e-01   1.0110415e+00   1.0638565e+00   1.1163961e+00   1.1687881e+00   1.2211318e+00
   3.2772181e-01   4.0698431e-01   4.8084424e-01   5.5015349e-01   6.1566854e-01   6.7805657e-01   7.3790143e-01   7.9570961e-01   8.5191594e-01   9.0688944e-01   9.6093903e-01   1.0143194e+00   1.0672368e+00   1.1198557e+00   1.1723046e+00   1.2246834e+00
   3.2812670e-01   4.0779912e-01   4.8203476e-01   5.5168719e-01   6.1751438e-01   6.8018484e-01   7.4028366e-01   7.9831835e-01   8.5472470e-01   9.0987254e-01   9.6407152e-01   1.0175770e+00   1.0705959e+00   1.1232932e+00   1.1757980e+00   1.2282109e+00
   3.2851737e-01   4.0859961e-01   4.8321077e-01   5.5320608e-01   6.1934501e-01   6.8229744e-01   7.4264963e-01   8.0091017e-01   8.5751580e-01   9.1283717e-01   9.6718468e-01   1.0208143e+00   1.0739338e+00   1.1267085e+00   1.1792683e+00   1.2317144e+00
   3.2889380e-01   4.0938576e-01   4.8437224e-01   5.5471015e-01   6.2116044e-01   6.8439434e-01   7.4499934e-01   8.0348508e-01   8.6028926e-01   9.1578336e-01   9.7027855e-01   1.0240315e+00   1.0772506e+00   1.1301018e+00   1.1827156e+00   1.2351941e+00
   3.2925597e-01   4.1015756e-01   4.8551919e-01   5.5619939e-01   6.2296066e-01   6.8647556e-01   7.4733280e-01   8.0604310e-01   8.6304510e-01   9.1871115e-01   9.7335317e-01   1.0272286e+00   1.0805463e+00   1.1334731e+00   1.1861401e+00   1.2386500e+00
   3.2960388e-01   4.1091501e-01   4.8665158e-01   5.5767381e-01   6.2474567e-01   6.8854111e-01   7.4965002e-01   8.0858423e-01   8.6578334e-01   9.2162056e-01   9.7640860e-01   1.0304056e+00   1.0838211e+00   1.1368226e+00   1.1895419e+00   1.2420823e+00
   3.2993751e-01   4.1165809e-01   4.8776942e-01   5.5913339e-01   6.2651548e-01   6.9059098e-01   7.5195102e-01   8.1110851e-01   8.6850402e-01   9.2451165e-01   9.7944488e-01   1.0335626e+00   1.0870750e+00   1.1401503e+00   1.1929210e+00   1.2454912e+00
   3.3025686e-01   4.1238679e-01   4.8887271e-01   5.6057813e-01   6.2827007e-01   6.9262517e-01   7.5423579e-01   8.1361594e-01   8.7120716e-01   9.2738444e-01   9.8246205e-01   1.0366996e+00   1.0903081e+00   1.1434564e+00   1.1962776e+00   1.2488767e+00
   3.3056191e-01   4.1310110e-01   4.8996142e-01   5.6200803e-01   6.3000945e-01   6.9464370e-01   7.5650436e-01   8.1610655e-01   8.7389279e-01   9.3023897e-01   9.8546018e-01   1.0398168e+00   1.0935205e+00   1.1467408e+00   1.1996118e+00   1.2522390e+00
   3.3085266e-01   4.1380102e-01   4.9103555e-01   5.6342308e-01   6.3173362e-01   6.9664657e-01   7.5875674e-01   8.1858035e-01   8.7656094e-01   9.3307528e-01   9.8843930e-01   1.0429141e+00   1.0967122e+00   1.1500038e+00   1.2029237e+00   1.2555782e+00
   3.3112909e-01   4.1448654e-01   4.9209511e-01   5.6482328e-01   6.3344258e-01   6.9863378e-01   7.6099293e-01   8.2103736e-01   8.7921163e-01   9.3589341e-01   9.9139947e-01   1.0459917e+00   1.0998834e+00   1.1532454e+00   1.2062134e+00   1.2588944e+00
   3.3139119e-01   4.1515764e-01   4.9314007e-01   5.6620862e-01   6.3513633e-01   7.0060534e-01   7.6321295e-01   8.2347761e-01   8.8184489e-01   9.3869340e-01   9.9434073e-01   1.0490496e+00   1.1030340e+00   1.1564657e+00   1.2094810e+00   1.2621877e+00
   3.3163896e-01   4.1581432e-01   4.9417044e-01   5.6757910e-01   6.3681486e-01   7.0256125e-01   7.6541680e-01   8.2590111e-01   8.8446076e-01   9.4147528e-01   9.9726314e-01   1.0520879e+00   1.1061642e+00   1.1596648e+00   1.2127265e+00   1.2654583e+00
   3.3187239e-01   4.1645658e-01   4.9518621e-01   5.6893472e-01   6.3847819e-01   7.0450152e-01   7.6760452e-01   8.2830789e-01   8.8705925e-01   9.4423909e-01   1.0001668e+00   1.0551066e+00   1.1092741e+00   1.1628427e+00   1.2159502e+00   1.2687063e+00
   3.3209147e-01   4.1708440e-01   4.9618737e-01   5.7027548e-01   6.4012632e-01   7.0642617e-01   7.6977609e-01   8.3069795e-01   8.8964041e-01   9.4698488e-01   1.0030516e+00   1.0581058e+00   1.1123637e+00   1.1659996e+00   1.2191521e+00   1.2719318e+00
   3.3229619e-01   4.1769778e-01   4.9717392e-01   5.7160137e-01   6.4175924e-01   7.0833519e-01   7.7193155e-01   8.3307134e-01   8.9220425e-01   9.4971268e-01   1.0059178e+00   1.0610855e+00   1.1154331e+00   1.1691356e+00   1.2223324e+00   1.2751349e+00
   3.3248654e-01   4.1829671e-01   4.9814586e-01   5.7291240e-01   6.4337696e-01   7.1022859e-01   7.7407091e-01   8.3542806e-01   8.9475082e-01   9.5242254e-01   1.0087653e+00   1.0640459e+00   1.1184824e+00   1.1722507e+00   1.2254910e+00   1.2783157e+00
   3.3266252e-01   4.1888118e-01   4.9910318e-01   5.7420856e-01   6.4497948e-01   7.1210639e-01   7.7619417e-01   8.3776814e-01   8.9728013e-01   9.5511449e-01   1.0115942e+00   1.0669869e+00   1.1215117e+00   1.1753450e+00   1.2286282e+00   1.2814745e+00
   3.3282412e-01   4.1945120e-01   5.0004587e-01   5.7548985e-01   6.4656680e-01   7.1396859e-01   7.7830135e-01   8.4009160e-01   8.9979223e-01   9.5778858e-01   1.0144045e+00   1.0699087e+00   1.1245209e+00   1.1784187e+00   1.2317440e+00   1.2846111e+00
   3.3297133e-01   4.2000675e-01   5.0097394e-01   5.7675627e-01   6.4813894e-01   7.1581520e-01   7.8039248e-01   8.4239847e-01   9.0228714e-01   9.6044484e-01   1.0171964e+00   1.0728113e+00   1.1275103e+00   1.1814717e+00   1.2348386e+00   1.2877259e+00
   3.3310416e-01   4.2054783e-01   5.0188739e-01   5.7800783e-01   6.4969589e-01   7.1764622e-01   7.8246756e-01   8.4468876e-01   9.0476489e-01   9.6308332e-01   1.0199698e+00   1.0756948e+00   1.1304799e+00   1.1845043e+00   1.2379120e+00   1.2908190e+00
   3.3322258e-01   4.2107444e-01   5.0278620e-01   5.7924451e-01   6.5123765e-01   7.1946168e-01   7.8452662e-01   8.4696251e-01   9.0722553e-01   9.6570405e-01   1.0227248e+00   1.0785592e+00   1.1334297e+00   1.1875165e+00   1.2409643e+00   1.2938903e+00
   3.3332661e-01   4.2158657e-01   5.0367037e-01   5.8046634e-01   6.5276424e-01   7.2126158e-01   7.8656966e-01   8.4921973e-01   9.0966907e-01   9.6830709e-01   1.0254615e+00   1.0814047e+00   1.1363599e+00   1.1905083e+00   1.2439957e+00   1.2969401e+00
   3.3341623e-01   4.2208422e-01   5.0453992e-01   5.8167329e-01   6.5427566e-01   7.2304593e-01   7.8859670e-01   8.5146045e-01   9.1209555e-01   9.7089247e-01   1.0281799e+00   1.0842312e+00   1.1392705e+00   1.1934799e+00   1.2470063e+00   1.2999685e+00
   3.3349144e-01   4.2256738e-01   5.0539483e-01   5.8286539e-01   6.5577192e-01   7.2481474e-01   7.9060777e-01   8.5368469e-01   9.1450501e-01   9.7346024e-01   1.0308801e+00   1.0870388e+00   1.1421616e+00   1.1964314e+00   1.2499961e+00   1.3029756e+00
   3.3355223e-01   4.2303606e-01   5.0623510e-01   5.8404262e-01   6.5725302e-01   7.2656802e-01   7.9260288e-01   8.5589248e-01   9.1689748e-01   9.7601044e-01   1.0335621e+00   1.0898276e+00   1.1450332e+00   1.1993629e+00   1.2529653e+00   1.3059614e+00
   3.3359861e-01   4.2349024e-01   5.0706073e-01   5.8520500e-01   6.5871896e-01   7.2830579e-01   7.9458205e-01   8.5808385e-01   9.1927299e-01   9.7854310e-01   1.0362259e+00   1.0925977e+00   1.1478855e+00   1.2022743e+00   1.2559139e+00   1.3089262e+00
   3.3363056e-01   4.2392993e-01   5.0787173e-01   5.8635252e-01   6.6016976e-01   7.3002805e-01   7.9654529e-01   8.6025881e-01   9.2163157e-01   9.8105828e-01   1.0388717e+00   1.0953491e+00   1.1507185e+00   1.2051660e+00   1.2588421e+00   1.3118701e+00
   3.3364809e-01   4.2435513e-01   5.0866809e-01   5.8748519e-01   6.6160542e-01   7.3173483e-01   7.9849263e-01   8.6241741e-01   9.2397326e-01   9.8355602e-01   1.0414995e+00   1.0980819e+00   1.1535323e+00   1.2080378e+00   1.2617500e+00   1.3147930e+00
   3.3365120e-01   4.2476584e-01   5.0944982e-01   5.8860301e-01   6.6302595e-01   7.3342612e-01   8.0042408e-01   8.6455965e-01   9.2629810e-01   9.8603636e-01   1.0441093e+00   1.1007961e+00   1.1563270e+00   1.2108899e+00   1.2646376e+00   1.3176952e+00
   3.3363988e-01   4.2516204e-01   5.1021691e-01   5.8970598e-01   6.6443136e-01   7.3510196e-01   8.0233967e-01   8.6668557e-01   9.2860612e-01   9.8849934e-01   1.0467012e+00   1.1034919e+00   1.1591026e+00   1.2137224e+00   1.2675051e+00   1.3205769e+00
   3.3361412e-01   4.2554375e-01   5.1096936e-01   5.9079412e-01   6.6582166e-01   7.3676234e-01   8.0423940e-01   8.6879520e-01   9.3089735e-01   9.9094501e-01   1.0492752e+00   1.1061692e+00   1.1618593e+00   1.2165354e+00   1.2703525e+00   1.3234379e+00
   3.3357394e-01   4.2591097e-01   5.1170719e-01   5.9186742e-01   6.6719685e-01   7.3840728e-01   8.0612332e-01   8.7088856e-01   9.3317183e-01   9.9337342e-01   1.0518314e+00   1.1088282e+00   1.1645971e+00   1.2193290e+00   1.2731800e+00   1.3262786e+00
   3.3351933e-01   4.2626368e-01   5.1243039e-01   5.9292590e-01   6.6855695e-01   7.4003681e-01   8.0799142e-01   8.7296567e-01   9.3542959e-01   9.9578460e-01   1.0543699e+00   1.1114689e+00   1.1673160e+00   1.2221032e+00   1.2759877e+00   1.3290990e+00
   3.3345028e-01   4.2660190e-01   5.1313896e-01   5.9396955e-01   6.6990197e-01   7.4165092e-01   8.0984374e-01   8.7502658e-01   9.3767067e-01   9.9817860e-01   1.0568907e+00   1.1140914e+00   1.1700162e+00   1.2248582e+00   1.2787756e+00   1.3318992e+00
   3.3336680e-01   4.2692563e-01   5.1383290e-01   5.9499838e-01   6.7123191e-01   7.4324965e-01   8.1168029e-01   8.7707130e-01   9.3989511e-01   1.0005555e+00   1.0593938e+00   1.1166957e+00   1.1726977e+00   1.2275940e+00   1.2815439e+00   1.3346794e+00
   3.3326889e-01   4.2723486e-01   5.1451223e-01   5.9601240e-01   6.7254678e-01   7.4483299e-01   8.1350111e-01   8.7909987e-01   9.4210295e-01   1.0029153e+00   1.0618793e+00   1.1192819e+00   1.1753606e+00   1.2303107e+00   1.2842927e+00   1.3374396e+00
   3.3315655e-01   4.2752960e-01   5.1517693e-01   5.9701161e-01   6.7384660e-01   7.4640098e-01   8.1530620e-01   8.8111230e-01   9.4429421e-01   1.0052580e+00   1.0643474e+00   1.1218501e+00   1.1780050e+00   1.2330084e+00   1.2870220e+00   1.3401799e+00
   3.3302978e-01   4.2780985e-01   5.1582703e-01   5.9799603e-01   6.7513137e-01   7.4795361e-01   8.1709559e-01   8.8310864e-01   9.4646893e-01   1.0075837e+00   1.0667979e+00   1.1244004e+00   1.1806309e+00   1.2356872e+00   1.2897320e+00   1.3429005e+00
   3.3288858e-01   4.2807561e-01   5.1646252e-01   5.9896566e-01   6.7640112e-01   7.4949092e-01   8.1886930e-01   8.8508891e-01   9.4862716e-01   1.0098925e+00   1.0692310e+00   1.1269327e+00   1.1832385e+00   1.2383472e+00   1.2924227e+00   1.3456015e+00
   3.3273296e-01   4.2832689e-01   5.1708340e-01   5.9992051e-01   6.7765584e-01   7.5101292e-01   8.2062736e-01   8.8705314e-01   9.5076892e-01   1.0121844e+00   1.0716467e+00   1.1294472e+00   1.1858278e+00   1.2409885e+00   1.2950943e+00   1.3482830e+00
   3.3256290e-01   4.2856368e-01   5.1768969e-01   6.0086058e-01   6.7889556e-01   7.5251962e-01   8.2236978e-01   8.8900135e-01   9.5289427e-01   1.0144594e+00   1.0740452e+00   1.1319439e+00   1.1883988e+00   1.2436111e+00   1.2977468e+00   1.3509450e+00
   3.3237843e-01   4.2878600e-01   5.1828138e-01   6.0178589e-01   6.8012028e-01   7.5401105e-01   8.2409660e-01   8.9093359e-01   9.5500322e-01   1.0167176e+00   1.0764263e+00   1.1344229e+00   1.1909517e+00   1.2462151e+00   1.3003804e+00   1.3535878e+00
   3.3217954e-01   4.2899384e-01   5.1885849e-01   6.0269644e-01   6.8133002e-01   7.5548721e-01   8.2580783e-01   8.9284988e-01   9.5709583e-01   1.0189591e+00   1.0787903e+00   1.1368843e+00   1.1934866e+00   1.2488007e+00   1.3029951e+00   1.3562113e+00
   3.3196624e-01   4.2918722e-01   5.1942102e-01   6.0359224e-01   6.8252479e-01   7.5694813e-01   8.2750350e-01   8.9475024e-01   9.5917213e-01   1.0211838e+00   1.0811371e+00   1.1393281e+00   1.1960034e+00   1.2513678e+00   1.3055910e+00   1.3588157e+00
   3.3173852e-01   4.2936613e-01   5.1996897e-01   6.0447330e-01   6.8370461e-01   7.5839382e-01   8.2918363e-01   8.9663471e-01   9.6123215e-01   1.0233918e+00   1.0834668e+00   1.1417543e+00   1.1985024e+00   1.2539166e+00   1.3081683e+00   1.3614012e+00
   3.3149639e-01   4.2953057e-01   5.2050235e-01   6.0533964e-01   6.8486948e-01   7.5982431e-01   8.3084825e-01   8.9850333e-01   9.6327594e-01   1.0255832e+00   1.0857795e+00   1.1441632e+00   1.2009834e+00   1.2564473e+00   1.3107270e+00   1.3639677e+00
   3.3123986e-01   4.2968057e-01   5.2102118e-01   6.0619125e-01   6.8601942e-01   7.6123962e-01   8.3249737e-01   9.0035612e-01   9.6530353e-01   1.0277580e+00   1.0880752e+00   1.1465546e+00   1.2034467e+00   1.2589597e+00   1.3132672e+00   1.3665155e+00
   3.3096894e-01   4.2981611e-01   5.2152545e-01   6.0702816e-01   6.8715445e-01   7.6263975e-01   8.3413104e-01   9.0219310e-01   9.6731496e-01   1.0299163e+00   1.0903539e+00   1.1489287e+00   1.2058923e+00   1.2614541e+00   1.3157890e+00   1.3690446e+00
   3.3068361e-01   4.2993721e-01   5.2201518e-01   6.0785038e-01   6.8827458e-01   7.6402474e-01   8.3574926e-01   9.0401433e-01   9.6931028e-01   1.0320581e+00   1.0926158e+00   1.1512856e+00   1.2083203e+00   1.2639306e+00   1.3182925e+00   1.3715551e+00
   3.3038391e-01   4.3004388e-01   5.2249038e-01   6.0865790e-01   6.8937982e-01   7.6539459e-01   8.3735207e-01   9.0581982e-01   9.7128951e-01   1.0341834e+00   1.0948609e+00   1.1536253e+00   1.2107307e+00   1.2663891e+00   1.3207778e+00   1.3740472e+00
   3.3006981e-01   4.3013611e-01   5.2295104e-01   6.0945076e-01   6.9047020e-01   7.6674934e-01   8.3893949e-01   9.0760961e-01   9.7325270e-01   1.0362923e+00   1.0970892e+00   1.1559478e+00   1.2131236e+00   1.2688298e+00   1.3232450e+00   1.3765209e+00
   3.2974135e-01   4.3021392e-01   5.2339719e-01   6.1022895e-01   6.9154572e-01   7.6808900e-01   8.4051155e-01   9.0938372e-01   9.7519989e-01   1.0383849e+00   1.0993008e+00   1.1582533e+00   1.2154992e+00   1.2712528e+00   1.3256942e+00   1.3789763e+00
   3.2939851e-01   4.3027732e-01   5.2382884e-01   6.1099249e-01   6.9260641e-01   7.6941359e-01   8.4206827e-01   9.1114220e-01   9.7713112e-01   1.0404612e+00   1.1014957e+00   1.1605418e+00   1.2178574e+00   1.2736582e+00   1.3281255e+00   1.3814135e+00
   3.2904131e-01   4.3032631e-01   5.2424598e-01   6.1174140e-01   6.9365227e-01   7.7072314e-01   8.4360968e-01   9.1288508e-01   9.7904642e-01   1.0425212e+00   1.1036741e+00   1.1628134e+00   1.2201983e+00   1.2760460e+00   1.3305389e+00   1.3838327e+00
   3.2866975e-01   4.3036090e-01   5.2464863e-01   6.1247568e-01   6.9468333e-01   7.7201765e-01   8.4513581e-01   9.1461238e-01   9.8094584e-01   1.0445650e+00   1.1058359e+00   1.1650680e+00   1.2225220e+00   1.2784163e+00   1.3329346e+00   1.3862339e+00
   3.2828385e-01   4.3038110e-01   5.2503681e-01   6.1319535e-01   6.9569960e-01   7.7329717e-01   8.4664668e-01   9.1632414e-01   9.8282941e-01   1.0465927e+00   1.1079812e+00   1.1673059e+00   1.2248287e+00   1.2807692e+00   1.3353126e+00   1.3886173e+00
   3.2788361e-01   4.3038692e-01   5.2541051e-01   6.1390042e-01   6.9670110e-01   7.7456170e-01   8.4814231e-01   9.1802040e-01   9.8469718e-01   1.0486042e+00   1.1101101e+00   1.1695270e+00   1.2271183e+00   1.2831048e+00   1.3376731e+00   1.3909828e+00
   3.2746903e-01   4.3037836e-01   5.2576976e-01   6.1459090e-01   6.9768785e-01   7.7581126e-01   8.4962275e-01   9.1970118e-01   9.8654918e-01   1.0505997e+00   1.1122226e+00   1.1717315e+00   1.2293909e+00   1.2854231e+00   1.3400161e+00   1.3933307e+00
   3.2704013e-01   4.3035545e-01   5.2611457e-01   6.1526682e-01   6.9865986e-01   7.7704589e-01   8.5108801e-01   9.2136652e-01   9.8838546e-01   1.0525791e+00   1.1143187e+00   1.1739193e+00   1.2316466e+00   1.2877243e+00   1.3423417e+00   1.3956611e+00
   3.2659692e-01   4.3031817e-01   5.2644494e-01   6.1592818e-01   6.9961715e-01   7.7826560e-01   8.5253811e-01   9.2301645e-01   9.9020605e-01   1.0545426e+00   1.1163986e+00   1.1760906e+00   1.2338855e+00   1.2900084e+00   1.3446500e+00   1.3979739e+00
   3.2613940e-01   4.3026656e-01   5.2676089e-01   6.1657500e-01   7.0055974e-01   7.7947042e-01   8.5397310e-01   9.2465101e-01   9.9201100e-01   1.0564901e+00   1.1184623e+00   1.1782453e+00   1.2361076e+00   1.2922755e+00   1.3469411e+00   1.4002694e+00
   3.2566759e-01   4.3020061e-01   5.2706242e-01   6.1720729e-01   7.0148765e-01   7.8066037e-01   8.5539300e-01   9.2627023e-01   9.9380035e-01   1.0584218e+00   1.1205099e+00   1.1803837e+00   1.2383130e+00   1.2945257e+00   1.3492150e+00   1.4025476e+00
   3.2518149e-01   4.3012034e-01   5.2734957e-01   6.1782507e-01   7.0240090e-01   7.8183546e-01   8.5679783e-01   9.2787415e-01   9.9557413e-01   1.0603376e+00   1.1225413e+00   1.1825057e+00   1.2405019e+00   1.2967591e+00   1.3514720e+00   1.4048086e+00
   3.2468111e-01   4.3002576e-01   5.2762232e-01   6.1842836e-01   7.0329951e-01   7.8299573e-01   8.5818762e-01   9.2946279e-01   9.9733239e-01   1.0622377e+00   1.1245567e+00   1.1846113e+00   1.2426741e+00   1.2989757e+00   1.3537120e+00   1.4070525e+00
   3.2416647e-01   4.2991688e-01   5.2788071e-01   6.1901717e-01   7.0418349e-01   7.8414120e-01   8.5956241e-01   9.3103620e-01   9.9907516e-01   1.0641220e+00   1.1265561e+00   1.1867008e+00   1.2448299e+00   1.3011756e+00   1.3559351e+00   1.4092794e+00
   3.2363758e-01   4.2979371e-01   5.2812474e-01   6.1959151e-01   7.0505287e-01   7.8527189e-01   8.6092222e-01   9.3259441e-01   1.0008025e+00   1.0659906e+00   1.1285396e+00   1.1887740e+00   1.2469694e+00   1.3033589e+00   1.3581415e+00   1.4114894e+00
   3.2309444e-01   4.2965626e-01   5.2835442e-01   6.2015140e-01   7.0590766e-01   7.8638783e-01   8.6226707e-01   9.3413744e-01   1.0025144e+00   1.0678436e+00   1.1305071e+00   1.1908312e+00   1.2490924e+00   1.3055256e+00   1.3603312e+00   1.4136826e+00
   3.2253707e-01   4.2950455e-01   5.2856978e-01   6.2069687e-01   7.0674788e-01   7.8748904e-01   8.6359701e-01   9.3566535e-01   1.0042110e+00   1.0696809e+00   1.1324589e+00   1.1928723e+00   1.2511992e+00   1.3076760e+00   1.3625042e+00   1.4158591e+00
   3.2196548e-01   4.2933859e-01   5.2877082e-01   6.2122792e-01   7.0757357e-01   7.8857554e-01   8.6491206e-01   9.3717815e-01   1.0058923e+00   1.0715028e+00   1.1343949e+00   1.1948974e+00   1.2532898e+00   1.3098099e+00   1.3646608e+00   1.4180189e+00
   3.2137969e-01   4.2915840e-01   5.2895755e-01   6.2174457e-01   7.0838472e-01   7.8964737e-01   8.6621224e-01   9.3867590e-01   1.0075582e+00   1.0733091e+00   1.1363151e+00   1.1969065e+00   1.2553643e+00   1.3119276e+00   1.3668009e+00   1.4201623e+00
   3.2077969e-01   4.2896397e-01   5.2913001e-01   6.2224685e-01   7.0918138e-01   7.9070453e-01   8.6749759e-01   9.4015861e-01   1.0092090e+00   1.0751000e+00   1.1382197e+00   1.1988998e+00   1.2574228e+00   1.3140290e+00   1.3689247e+00   1.4222891e+00
   3.2016552e-01   4.2875534e-01   5.2928819e-01   6.2273476e-01   7.0996355e-01   7.9174707e-01   8.6876814e-01   9.4162633e-01   1.0108445e+00   1.0768755e+00   1.1401087e+00   1.2008773e+00   1.2594652e+00   1.3161143e+00   1.3710322e+00   1.4243997e+00
   3.1953717e-01   4.2853251e-01   5.2943212e-01   6.2320833e-01   7.1073126e-01   7.9277500e-01   8.7002391e-01   9.4307910e-01   1.0124649e+00   1.0786356e+00   1.1419821e+00   1.2028390e+00   1.2614917e+00   1.3181836e+00   1.3731235e+00   1.4264939e+00
   3.1889467e-01   4.2829549e-01   5.2956180e-01   6.2366758e-01   7.1148453e-01   7.9378835e-01   8.7126494e-01   9.4451694e-01   1.0140702e+00   1.0803804e+00   1.1438400e+00   1.2047851e+00   1.2635024e+00   1.3202368e+00   1.3751987e+00   1.4285720e+00
   3.1823803e-01   4.2804431e-01   5.2967727e-01   6.2411251e-01   7.1222339e-01   7.9478714e-01   8.7249126e-01   9.4593989e-01   1.0156604e+00   1.0821099e+00   1.1456825e+00   1.2067155e+00   1.2654973e+00   1.3222742e+00   1.3772579e+00   1.4306340e+00
   3.1756725e-01   4.2777897e-01   5.2977852e-01   6.2454316e-01   7.1294785e-01   7.9577141e-01   8.7370290e-01   9.4734799e-01   1.0172355e+00   1.0838243e+00   1.1475096e+00   1.2086304e+00   1.2674765e+00   1.3242956e+00   1.3793012e+00   1.4326800e+00
   3.1688236e-01   4.2749949e-01   5.2986559e-01   6.2495954e-01   7.1365793e-01   7.9674118e-01   8.7489989e-01   9.4874128e-01   1.0187957e+00   1.0855235e+00   1.1493213e+00   1.2105298e+00   1.2694400e+00   1.3263014e+00   1.3813286e+00   1.4347101e+00
   3.1618338e-01   4.2720589e-01   5.2993848e-01   6.2536168e-01   7.1435366e-01   7.9769647e-01   8.7608226e-01   9.5011979e-01   1.0203410e+00   1.0872075e+00   1.1511178e+00   1.2124137e+00   1.2713880e+00   1.3282914e+00   1.3833403e+00   1.4367244e+00
   3.1547030e-01   4.2689818e-01   5.2999722e-01   6.2574958e-01   7.1503507e-01   7.9863731e-01   8.7725003e-01   9.5148356e-01   1.0218713e+00   1.0888765e+00   1.1528990e+00   1.2142823e+00   1.2733205e+00   1.3302658e+00   1.3853362e+00   1.4387230e+00
   3.1474315e-01   4.2657637e-01   5.3004181e-01   6.2612327e-01   7.1570217e-01   7.9956372e-01   8.7840325e-01   9.5283262e-01   1.0233868e+00   1.0905305e+00   1.1546650e+00   1.2161355e+00   1.2752375e+00   1.3322247e+00   1.3873166e+00   1.4407059e+00
   3.1400195e-01   4.2624049e-01   5.3007229e-01   6.2648277e-01   7.1635498e-01   8.0047574e-01   8.7954194e-01   9.5416700e-01   1.0248874e+00   1.0921694e+00   1.1564160e+00   1.2179735e+00   1.2771391e+00   1.3341681e+00   1.3892814e+00   1.4426732e+00
   3.1324671e-01   4.2589055e-01   5.3008866e-01   6.2682810e-01   7.1699354e-01   8.0137339e-01   8.8066614e-01   9.5548676e-01   1.0263733e+00   1.0937935e+00   1.1581518e+00   1.2197962e+00   1.2790254e+00   1.3360961e+00   1.3912308e+00   1.4446251e+00
   3.1247744e-01   4.2552657e-01   5.3009094e-01   6.2715928e-01   7.1761786e-01   8.0225670e-01   8.8177587e-01   9.5679191e-01   1.0278444e+00   1.0954027e+00   1.1598727e+00   1.2216039e+00   1.2808965e+00   1.3380088e+00   1.3931647e+00   1.4465616e+00
   3.1169417e-01   4.2514855e-01   5.3007916e-01   6.2747633e-01   7.1822797e-01   8.0312570e-01   8.8287117e-01   9.5808250e-01   1.0293008e+00   1.0969970e+00   1.1615786e+00   1.2233964e+00   1.2827524e+00   1.3399063e+00   1.3950834e+00   1.4484828e+00
   3.1089690e-01   4.2475653e-01   5.3005333e-01   6.2777927e-01   7.1882388e-01   8.0398041e-01   8.8395207e-01   9.5935857e-01   1.0307426e+00   1.0985766e+00   1.1632695e+00   1.2251740e+00   1.2845932e+00   1.3417885e+00   1.3969869e+00   1.4503888e+00
   3.1008566e-01   4.2435052e-01   5.3001347e-01   6.2806813e-01   7.1940564e-01   8.0482085e-01   8.8501860e-01   9.6062015e-01   1.0321698e+00   1.1001414e+00   1.1649456e+00   1.2269365e+00   1.2864189e+00   1.3436557e+00   1.3988752e+00   1.4522796e+00
   3.0926046e-01   4.2393052e-01   5.2995960e-01   6.2834292e-01   7.1997325e-01   8.0564707e-01   8.8607080e-01   9.6186728e-01   1.0335823e+00   1.1016915e+00   1.1666069e+00   1.2286842e+00   1.2882297e+00   1.3455078e+00   1.4007485e+00   1.4541554e+00
   3.0842132e-01   4.2349658e-01   5.2989174e-01   6.2860366e-01   7.2052675e-01   8.0645908e-01   8.8710868e-01   9.6309999e-01   1.0349804e+00   1.1032270e+00   1.1682535e+00   1.2304170e+00   1.2900255e+00   1.3473449e+00   1.4026068e+00   1.4560162e+00
   3.0756825e-01   4.2304869e-01   5.2980990e-01   6.2885038e-01   7.2106616e-01   8.0725692e-01   8.8813230e-01   9.6431832e-01   1.0363640e+00   1.1047479e+00   1.1698854e+00   1.2321351e+00   1.2918065e+00   1.3491672e+00   1.4044502e+00   1.4578621e+00
   3.0670128e-01   4.2258688e-01   5.2971412e-01   6.2908310e-01   7.2159150e-01   8.0804061e-01   8.8914167e-01   9.6552231e-01   1.0377331e+00   1.1062543e+00   1.1715026e+00   1.2338384e+00   1.2935727e+00   1.3509746e+00   1.4062787e+00   1.4596932e+00
   3.0582042e-01   4.2211117e-01   5.2960440e-01   6.2930185e-01   7.2210280e-01   8.0881018e-01   8.9013684e-01   9.6671200e-01   1.0390878e+00   1.1077461e+00   1.1731052e+00   1.2355271e+00   1.2953242e+00   1.3527673e+00   1.4080925e+00   1.4615096e+00
   3.0492569e-01   4.2162158e-01   5.2948077e-01   6.2950663e-01   7.2260008e-01   8.0956566e-01   8.9111783e-01   9.6788742e-01   1.0404282e+00   1.1092235e+00   1.1746933e+00   1.2372011e+00   1.2970610e+00   1.3545453e+00   1.4098916e+00   1.4633114e+00
   3.0401710e-01   4.2111812e-01   5.2934325e-01   6.2969749e-01   7.2308338e-01   8.1030708e-01   8.9208468e-01   9.6904861e-01   1.0417542e+00   1.1106865e+00   1.1762669e+00   1.2388606e+00   1.2987833e+00   1.3563086e+00   1.4116761e+00   1.4650985e+00
   3.0309468e-01   4.2060082e-01   5.2919186e-01   6.2987443e-01   7.2355270e-01   8.1103447e-01   8.9303742e-01   9.7019561e-01   1.0430660e+00   1.1121351e+00   1.1778261e+00   1.2405056e+00   1.3004910e+00   1.3580575e+00   1.4134461e+00   1.4668712e+00
   3.0215845e-01   4.2006969e-01   5.2902662e-01   6.3003749e-01   7.2400809e-01   8.1174785e-01   8.9397609e-01   9.7132845e-01   1.0443635e+00   1.1135694e+00   1.1793709e+00   1.2421362e+00   1.3021842e+00   1.3597918e+00   1.4152016e+00   1.4686295e+00
   3.0120842e-01   4.1952476e-01   5.2884755e-01   6.3018668e-01   7.2444956e-01   8.1244726e-01   8.9490070e-01   9.7244717e-01   1.0456468e+00   1.1149895e+00   1.1809014e+00   1.2437524e+00   1.3038630e+00   1.3615118e+00   1.4169427e+00   1.4703735e+00
   3.0024462e-01   4.1896604e-01   5.2865467e-01   6.3032203e-01   7.2487715e-01   8.1313272e-01   8.9581131e-01   9.7355181e-01   1.0469160e+00   1.1163953e+00   1.1824176e+00   1.2453543e+00   1.3055275e+00   1.3632174e+00   1.4186696e+00   1.4721032e+00
   2.9926706e-01   4.1839355e-01   5.2844801e-01   6.3044356e-01   7.2529088e-01   8.1380427e-01   8.9670794e-01   9.7464240e-01   1.0481711e+00   1.1177869e+00   1.1839195e+00   1.2469419e+00   1.3071777e+00   1.3649087e+00   1.4203821e+00   1.4738187e+00
   2.9827576e-01   4.1780732e-01   5.2822759e-01   6.3055130e-01   7.2569077e-01   8.1446193e-01   8.9759063e-01   9.7571899e-01   1.0494121e+00   1.1191645e+00   1.1854073e+00   1.2485153e+00   1.3088137e+00   1.3665858e+00   1.4220806e+00   1.4755201e+00
   2.9727074e-01   4.1720736e-01   5.2799342e-01   6.3064527e-01   7.2607685e-01   8.1510574e-01   8.9845940e-01   9.7678161e-01   1.0506390e+00   1.1205279e+00   1.1868810e+00   1.2500746e+00   1.3104355e+00   1.3682488e+00   1.4237649e+00   1.4772076e+00
   2.9625203e-01   4.1659370e-01   5.2774553e-01   6.3072549e-01   7.2644915e-01   8.1573572e-01   8.9931430e-01   9.7783030e-01   1.0518520e+00   1.1218773e+00   1.1883406e+00   1.2516197e+00   1.3120433e+00   1.3698977e+00   1.4254352e+00   1.4788811e+00
   2.9521964e-01   4.1596636e-01   5.2748395e-01   6.3079199e-01   7.2680769e-01   8.1635190e-01   9.0015535e-01   9.7886510e-01   1.0530511e+00   1.1232128e+00   1.1897862e+00   1.2531509e+00   1.3136370e+00   1.3715326e+00   1.4270915e+00   1.4805407e+00
   2.9417360e-01   4.1532536e-01   5.2720869e-01   6.3084480e-01   7.2715251e-01   8.1695432e-01   9.0098260e-01   9.7988604e-01   1.0542362e+00   1.1245343e+00   1.1912178e+00   1.2546680e+00   1.3152167e+00   1.3731536e+00   1.4287340e+00   1.4821865e+00
   2.9311392e-01   4.1467072e-01   5.2691978e-01   6.3088393e-01   7.2748362e-01   8.1754299e-01   9.0179606e-01   9.8089316e-01   1.0554075e+00   1.1258419e+00   1.1926355e+00   1.2561713e+00   1.3167825e+00   1.3747607e+00   1.4303626e+00   1.4838186e+00
   2.9204062e-01   4.1400245e-01   5.2661724e-01   6.3090941e-01   7.2780107e-01   8.1811797e-01   9.0259578e-01   9.8188649e-01   1.0565650e+00   1.1271356e+00   1.1940394e+00   1.2576606e+00   1.3183345e+00   1.3763539e+00   1.4319776e+00   1.4854371e+00
   2.9095373e-01   4.1332060e-01   5.2630109e-01   6.3092128e-01   7.2810486e-01   8.1867926e-01   9.0338180e-01   9.8286609e-01   1.0577086e+00   1.1284156e+00   1.1954294e+00   1.2591362e+00   1.3198727e+00   1.3779335e+00   1.4335788e+00   1.4870420e+00
   2.8985327e-01   4.1262516e-01   5.2597137e-01   6.3091954e-01   7.2839504e-01   8.1922692e-01   9.0415413e-01   9.8383198e-01   1.0588386e+00   1.1296818e+00   1.1968057e+00   1.2605980e+00   1.3213971e+00   1.3794994e+00   1.4351664e+00   1.4886334e+00
