   0.0000000e+00   0.0000000e+00   0.0000000e+00   0.0000000e+00   0.0000000e+00   0.0000000e+00   0.0000000e+00   0.0000000e+00   0.0000000e+00   0.0000000e+00   0.0000000e+00   0.0000000e+00   0.0000000e+00   0.0000000e+00   0.0000000e+00   0.0000000e+00
   9.1808425e-03   9.7203674e-03   1.0402830e-02   1.1107970e-02   1.1769365e-02   1.2666514e-02   1.3517597e-02   1.4528516e-02   1.5643711e-02   1.6655348e-02   1.7786699e-02   1.9013316e-02   2.0083360e-02   2.1696834e-02   2.3005091e-02   4.9359625e-02
   1.8109270e-02   1.9536119e-02   2.0619431e-02   2.2287681e-02   2.3712418e-02   2.5512514e-02   2.6931755e-02   2.8634060e-02   3.0624804e-02   3.2845369e-02   3.5455875e-02   3.7989688e-02   3.9892764e-02   4.3232232e-02   5.5196598e-02   8.9595611e-02
   2.7044382e-02   2.9215983e-02   3.1054276e-02   3.2852296e-02   3.5170982e-02   3.7532728e-02   4.0489980e-02   4.3589312e-02   4.5899745e-02   4.8912443e-02   5.3076448e-02   5.6371676e-02   6.0346277e-02   6.8375145e-02   8.5729715e-02   1.2431463e-01
   3.6508111e-02   3.8797121e-02   4.1118070e-02   4.4184495e-02   4.7019345e-02   4.9949730e-02   5.3736030e-02   5.7891815e-02   6.1452569e-02   6.5464561e-02   7.0254985e-02   7.5056872e-02   8.1362880e-02   9.2049014e-02   1.1634397e-01   1.5771476e-01
   4.5655473e-02   4.7916412e-02   5.1492291e-02   5.4564230e-02   5.9408128e-02   6.3453384e-02   6.6804833e-02   7.1144311e-02   7.6341649e-02   8.1721302e-02   8.6477055e-02   9.4155233e-02   1.0245069e-01   1.1721721e-01   1.4562982e-01   1.9132878e-01
   5.4235200e-02   5.7341164e-02   6.1359301e-02   6.5683473e-02   7.0310494e-02   7.5727450e-02   7.9832688e-02   8.5050088e-02   9.1935281e-02   9.8225030e-02   1.0409217e-01   1.1159267e-01   1.2344215e-01   1.4373851e-01   1.7425025e-01   2.1877550e-01
   6.2858472e-02   6.7781813e-02   7.2246365e-02   7.6905425e-02   8.2048067e-02   8.7107468e-02   9.4050409e-02   1.0065349e-01   1.0746973e-01   1.1437413e-01   1.2213818e-01   1.3234679e-01   1.4557271e-01   1.6833175e-01   1.9884531e-01   2.4987689e-01
   7.2576518e-02   7.6305975e-02   8.2257807e-02   8.7317611e-02   9.2759762e-02   1.0005437e-01   1.0623700e-01   1.1340299e-01   1.2213465e-01   1.3052692e-01   1.3975723e-01   1.5110355e-01   1.6683663e-01   1.9034314e-01   2.2747793e-01   2.7787502e-01
   8.0966117e-02   8.7278257e-02   9.2744119e-02   9.7460275e-02   1.0561478e-01   1.1241586e-01   1.1937508e-01   1.2780798e-01   1.3490987e-01   1.4472532e-01   1.5556496e-01   1.6876912e-01   1.9070344e-01   2.1427335e-01   2.5356320e-01   3.0478160e-01
   9.0876883e-02   9.6863511e-02   1.0294094e-01   1.0883997e-01   1.1698133e-01   1.2490099e-01   1.3262570e-01   1.4074516e-01   1.4962131e-01   1.6141467e-01   1.7449207e-01   1.9110726e-01   2.1080562e-01   2.4140396e-01   2.8157944e-01   3.3187353e-01
   9.9139963e-02   1.0606343e-01   1.1327494e-01   1.2056654e-01   1.2689391e-01   1.3545448e-01   1.4534711e-01   1.5588458e-01   1.6560384e-01   1.7600866e-01   1.9233464e-01   2.1044127e-01   2.3257762e-01   2.5996134e-01   3.0537812e-01   3.5573162e-01
   1.0811188e-01   1.1535730e-01   1.2277841e-01   1.3099797e-01   1.3958612e-01   1.4838910e-01   1.5729018e-01   1.6999880e-01   1.8013261e-01   1.9345600e-01   2.0763650e-01   2.2829836e-01   2.5298666e-01   2.8703951e-01   3.2930508e-01   3.8057401e-01
   1.1752791e-01   1.2413535e-01   1.3227254e-01   1.4191773e-01   1.5073239e-01   1.6160022e-01   1.7035826e-01   1.8360107e-01   1.9677426e-01   2.0832499e-01   2.2587470e-01   2.4633345e-01   2.7071894e-01   3.0718455e-01   3.5125709e-01   4.0427284e-01
   1.2429256e-01   1.3457468e-01   1.4161400e-01   1.5033885e-01   1.6146004e-01   1.7101569e-01   1.8185502e-01   1.9737436e-01   2.0794133e-01   2.2347970e-01   2.4092164e-01   2.6415202e-01   2.9194487e-01   3.3090594e-01   3.7860726e-01   4.3338227e-01
   1.3307675e-01   1.4407177e-01   1.5356726e-01   1.6075532e-01   1.7331667e-01   1.8377137e-01   1.9627318e-01   2.0914606e-01   2.2452865e-01   2.4003854e-01   2.6155209e-01   2.8410498e-01   3.1342708e-01   3.5066262e-01   4.0106532e-01   4.5542784e-01
   1.4350887e-01   1.5329647e-01   1.6193748e-01   1.7258374e-01   1.8425813e-01   1.9610098e-01   2.1101359e-01   2.2176403e-01   2.3761643e-01   2.5785389e-01   2.7487060e-01   3.0302718e-01   3.3441156e-01   3.7000413e-01   4.1911308e-01   4.8167212e-01
   1.5041018e-01   1.6098073e-01   1.7317082e-01   1.8160797e-01   1.9587374e-01   2.0621422e-01   2.2122945e-01   2.3411025e-01   2.5119970e-01   2.7122786e-01   2.9215011e-01   3.2207870e-01   3.5507306e-01   3.9197187e-01   4.4026954e-01   5.0209688e-01
   1.6087970e-01   1.6899028e-01   1.8264183e-01   1.9310749e-01   2.0800765e-01   2.1856220e-01   2.3460750e-01   2.5003472e-01   2.6777836e-01   2.8597801e-01   3.1067664e-01   3.4004768e-01   3.7456128e-01   4.1773182e-01   4.6634445e-01   5.2396460e-01
   1.6978563e-01   1.8110647e-01   1.9117361e-01   2.0307658e-01   2.1820792e-01   2.3339806e-01   2.4701637e-01   2.6141194e-01   2.8040593e-01   3.0169446e-01   3.2477573e-01   3.5849633e-01   3.9197257e-01   4.3047207e-01   4.8250584e-01   5.4747540e-01
   1.7706935e-01   1.8982466e-01   2.0043551e-01   2.1273055e-01   2.2733294e-01   2.4340979e-01   2.5826703e-01   2.7517532e-01   2.9552342e-01   3.1583662e-01   3.4151591e-01   3.7747472e-01   4.1061960e-01   4.5265014e-01   5.0326246e-01   5.6092107e-01
   1.8615493e-01   1.9728259e-01   2.1013093e-01   2.2351742e-01   2.4036618e-01   2.5613965e-01   2.7359871e-01   2.9019361e-01   3.1088699e-01   3.3267871e-01   3.5735983e-01   3.9065692e-01   4.3381333e-01   4.7369289e-01   5.2118383e-01   5.8717635e-01
   1.9590520e-01   2.0544145e-01   2.1846366e-01   2.3384627e-01   2.4832720e-01   2.6333878e-01   2.8231337e-01   3.0438048e-01   3.2356709e-01   3.4604402e-01   3.7893515e-01   4.0648018e-01   4.5209978e-01   4.9457120e-01   5.4634934e-01   6.0141129e-01
   2.0530495e-01   2.1695305e-01   2.3011633e-01   2.4315309e-01   2.5896467e-01   2.7589169e-01   2.9519472e-01   3.1673260e-01   3.3835011e-01   3.6169528e-01   3.9573216e-01   4.2920083e-01   4.6766350e-01   5.1406937e-01   5.5928952e-01   6.2474680e-01
   2.1181460e-01   2.2685241e-01   2.3951552e-01   2.5360695e-01   2.7199683e-01   2.9024584e-01   3.0772019e-01   3.2657223e-01   3.5441256e-01   3.7804471e-01   4.0744824e-01   4.3983478e-01   4.8621895e-01   5.3228272e-01   5.7951647e-01   6.4491266e-01
   2.2042304e-01   2.3555527e-01   2.5022360e-01   2.6407159e-01   2.8147773e-01   3.0007954e-01   3.2272120e-01   3.4139266e-01   3.6281345e-01   3.9737030e-01   4.2782894e-01   4.5987307e-01   4.9684748e-01   5.4493299e-01   6.0300280e-01   6.5926944e-01
   2.2777391e-01   2.4369422e-01   2.5750740e-01   2.7723365e-01   2.9110470e-01   3.1079170e-01   3.3563897e-01   3.5531138e-01   3.8185767e-01   4.0614622e-01   4.4210831e-01   4.7743645e-01   5.2205648e-01   5.6636528e-01   6.1854814e-01   6.8084060e-01
   2.3956203e-01   2.5203229e-01   2.6842702e-01   2.8414774e-01   3.0096504e-01   3.2010535e-01   3.4556210e-01   3.6852669e-01   3.9714733e-01   4.2417212e-01   4.5966101e-01   4.9421391e-01   5.3376148e-01   5.8204626e-01   6.3367241e-01   7.0296185e-01
   2.4511259e-01   2.5975070e-01   2.7564820e-01   2.9664117e-01   3.1310619e-01   3.3162248e-01   3.5582602e-01   3.8330809e-01   4.0940297e-01   4.3620507e-01   4.6906778e-01   5.1083863e-01   5.5570366e-01   6.0301800e-01   6.5406645e-01   7.1265340e-01
   2.5604280e-01   2.6792784e-01   2.8791522e-01   3.0351886e-01   3.2143202e-01   3.4398741e-01   3.6955453e-01   3.9540521e-01   4.1907209e-01   4.5114316e-01   4.8417555e-01   5.2811439e-01   5.6708414e-01   6.2264577e-01   6.8170240e-01   7.3659959e-01
   2.6283709e-01   2.7975320e-01   2.9826325e-01   3.1233112e-01   3.3607790e-01   3.5324635e-01   3.7749825e-01   4.0552038e-01   4.3087357e-01   4.6927811e-01   5.0038389e-01   5.3878444e-01   5.8543479e-01   6.3727957e-01   6.9116705e-01   7.4981153e-01
   2.7319333e-01   2.8913920e-01   3.0325540e-01   3.2227756e-01   3.4510858e-01   3.6426938e-01   3.9158822e-01   4.1443624e-01   4.4768944e-01   4.8369284e-01   5.1916549e-01   5.6252355e-01   6.0584940e-01   6.5499367e-01   7.1281334e-01   7.7452716e-01
   2.8090501e-01   2.9517610e-01   3.1330911e-01   3.3264956e-01   3.5488029e-01   3.8034854e-01   4.0512906e-01   4.3472907e-01   4.6120767e-01   4.9191733e-01   5.2973681e-01   5.7417986e-01   6.2404699e-01   6.7482309e-01   7.2799834e-01   7.8862833e-01
   2.8701823e-01   3.0285036e-01   3.2291371e-01   3.4286714e-01   3.6322659e-01   3.8635927e-01   4.1786799e-01   4.4149523e-01   4.7862142e-01   5.0873256e-01   5.4667937e-01   5.8770978e-01   6.3623985e-01   6.8515960e-01   7.3727059e-01   8.0897937e-01
   2.9396834e-01   3.1309522e-01   3.3371524e-01   3.5418352e-01   3.7768284e-01   4.0138748e-01   4.2795098e-01   4.5199387e-01   4.9172069e-01   5.2061787e-01   5.6597594e-01   6.0587991e-01   6.5687954e-01   6.9601205e-01   7.6703590e-01   8.2141243e-01
   3.0281700e-01   3.2566606e-01   3.4172656e-01   3.6400149e-01   3.8738229e-01   4.0814297e-01   4.3550057e-01   4.6861653e-01   4.9721673e-01   5.3426805e-01   5.7749614e-01   6.1377269e-01   6.6405679e-01   7.2094458e-01   7.7043424e-01   8.4249143e-01
   3.1591005e-01   3.2954674e-01   3.5020269e-01   3.7119575e-01   4.0005615e-01   4.2076114e-01   4.5327494e-01   4.8429014e-01   5.1149282e-01   5.5431151e-01   5.8963711e-01   6.3120325e-01   6.8102398e-01   7.2741101e-01   7.8880805e-01   8.5404656e-01
   3.2267428e-01   3.4286392e-01   3.6010236e-01   3.8016932e-01   4.1055926e-01   4.3626775e-01   4.6520067e-01   4.9007913e-01   5.2632210e-01   5.5937029e-01   6.0816823e-01   6.4374214e-01   6.9381305e-01   7.4953720e-01   8.0526004e-01   8.7821404e-01
   3.3184650e-01   3.5094065e-01   3.7316537e-01   3.9178697e-01   4.1591850e-01   4.4268929e-01   4.6981293e-01   5.0226152e-01   5.4166381e-01   5.7827027e-01   6.1502871e-01   6.5729849e-01   7.1115240e-01   7.5770822e-01   8.1483761e-01   8.8604114e-01
   3.3628512e-01   3.6042157e-01   3.7948661e-01   4.0674897e-01   4.2819653e-01   4.5684013e-01   4.8869996e-01   5.2066210e-01   5.5100963e-01   5.8556057e-01   6.3145456e-01   6.6986167e-01   7.2891772e-01   7.8538725e-01   8.3202981e-01   9.0354002e-01
   3.4511200e-01   3.6444787e-01   3.8812523e-01   4.1343636e-01   4.3490369e-01   4.6877860e-01   4.9962953e-01   5.2588105e-01   5.6859902e-01   6.0714986e-01   6.4656939e-01   6.9522952e-01   7.4474846e-01   7.9423721e-01   8.5899572e-01   9.1554498e-01
   3.5666593e-01   3.7753030e-01   3.9880394e-01   4.2100254e-01   4.5147446e-01   4.7954399e-01   5.0703976e-01   5.3945815e-01   5.7320716e-01   6.1714571e-01   6.5875836e-01   7.0692622e-01   7.4994550e-01   8.1677021e-01   8.6710508e-01   9.2649336e-01
   3.5888892e-01   3.8533873e-01   4.0859200e-01   4.3207051e-01   4.6061970e-01   4.8471434e-01   5.1837554e-01   5.5232659e-01   5.8346052e-01   6.3220026e-01   6.6577954e-01   7.2204096e-01   7.7563575e-01   8.2447307e-01   8.7542083e-01   9.4516573e-01
   3.6726667e-01   3.8833376e-01   4.1721324e-01   4.3862868e-01   4.6881591e-01   5.0203750e-01   5.2384706e-01   5.6606540e-01   6.0508011e-01   6.4033955e-01   6.9087703e-01   7.3596777e-01   7.7732475e-01   8.4605958e-01   8.8927852e-01   9.6786206e-01
   3.8173614e-01   3.9890115e-01   4.2044899e-01   4.4837022e-01   4.7864456e-01   5.0834524e-01   5.4303846e-01   5.7749193e-01   6.1663875e-01   6.5345502e-01   7.0276676e-01   7.4034700e-01   7.9956003e-01   8.4917446e-01   9.0579585e-01   9.7361092e-01
   3.8346559e-01   4.0846390e-01   4.3458829e-01   4.6153351e-01   4.8509039e-01   5.1897044e-01   5.5616035e-01   5.8853906e-01   6.2529690e-01   6.6539565e-01   7.0824554e-01   7.5456019e-01   8.0775728e-01   8.6370742e-01   9.2833820e-01   9.8336453e-01
   3.9755374e-01   4.1798861e-01   4.4541472e-01   4.6444005e-01   4.9444704e-01   5.3035163e-01   5.6098299e-01   6.0203111e-01   6.4151443e-01   6.7465989e-01   7.2992172e-01   7.7745142e-01   8.2497265e-01   8.7951368e-01   9.3816539e-01   1.0000787e+00
   4.0279683e-01   4.2370227e-01   4.4935039e-01   4.7840372e-01   5.0262453e-01   5.4378391e-01   5.6923518e-01   6.1291252e-01   6.5079853e-01   6.8692768e-01   7.3733548e-01   7.8400960e-01   8.2915497e-01   8.9142236e-01   9.5978673e-01   1.0244832e+00
   4.1357432e-01   4.3139697e-01   4.5631403e-01   4.8764715e-01   5.1953097e-01   5.4639603e-01   5.7814843e-01   6.1985181e-01   6.6087722e-01   7.0774177e-01   7.4378819e-01   8.0231545e-01   8.5606779e-01   9.1402366e-01   9.7055083e-01   1.0339833e+00
   4.1586113e-01   4.3936446e-01   4.6835621e-01   4.9588901e-01   5.2131147e-01   5.5595684e-01   5.9423416e-01   6.2645928e-01   6.7100163e-01   7.0820728e-01   7.5576304e-01   8.0993946e-01   8.5562908e-01   9.2670064e-01   9.7701170e-01   1.0356181e+00
   4.2860573e-01   4.4794310e-01   4.7398274e-01   5.0368399e-01   5.3103686e-01   5.7273338e-01   6.0472751e-01   6.3625148e-01   6.8645660e-01   7.2936104e-01   7.7153478e-01   8.2508477e-01   8.7308942e-01   9.2615959e-01   9.9131095e-01   1.0532120e+00
   4.3128952e-01   4.6000140e-01   4.8626750e-01   5.1761634e-01   5.4731806e-01   5.8045364e-01   6.1760204e-01   6.5898089e-01   6.9633219e-01   7.4189824e-01   7.8388285e-01   8.4085368e-01   8.8291542e-01   9.4282428e-01   1.0009558e+00   1.0583723e+00
   4.3912558e-01   4.6604726e-01   4.9797293e-01   5.2047602e-01   5.5769397e-01   5.8593729e-01   6.3013451e-01   6.6652671e-01   7.0483652e-01   7.5337144e-01   7.8926943e-01   8.4617332e-01   9.0587017e-01   9.5373088e-01   1.0213998e+00   1.0859450e+00
   4.5249212e-01   4.7812274e-01   5.0224974e-01   5.3446058e-01   5.6131401e-01   6.0063152e-01   6.3976168e-01   6.7018803e-01   7.2230320e-01   7.6061757e-01   8.0496721e-01   8.5294248e-01   9.1665900e-01   9.7808999e-01   1.0330108e+00   1.0960063e+00
   4.5421771e-01   4.7948012e-01   5.1460567e-01   5.4393208e-01   5.7406947e-01   6.1050674e-01   6.4859802e-01   6.7897914e-01   7.2349019e-01   7.6540045e-01   8.2507697e-01   8.6408179e-01   9.2048180e-01   9.7887399e-01   1.0430848e+00   1.1075432e+00
   4.6434160e-01   4.8812734e-01   5.2130966e-01   5.5267089e-01   5.7921584e-01   6.1548541e-01   6.5769864e-01   6.9761399e-01   7.4479573e-01   7.8989635e-01   8.3272125e-01   8.8395065e-01   9.3031871e-01   9.8640358e-01   1.0548890e+00   1.1262915e+00
   4.6870887e-01   4.9676128e-01   5.2616341e-01   5.5632343e-01   5.9228295e-01   6.2570736e-01   6.6771296e-01   7.0308674e-01   7.5361624e-01   7.9599162e-01   8.4997195e-01   8.8747362e-01   9.5210466e-01   9.9990758e-01   1.0763690e+00   1.1280071e+00
   4.7960449e-01   5.1112858e-01   5.3928195e-01   5.6839918e-01   6.0719293e-01   6.4114787e-01   6.6957641e-01   7.2065991e-01   7.5780417e-01   8.0778047e-01   8.5029461e-01   9.0217957e-01   9.6435108e-01   1.0176135e+00   1.0862290e+00   1.1382221e+00
   4.8769236e-01   5.2060792e-01   5.4314115e-01   5.7775646e-01   6.1298222e-01   6.4726238e-01   6.8685853e-01   7.2408388e-01   7.7557341e-01   8.2185482e-01   8.7274426e-01   9.1428402e-01   9.6905904e-01   1.0194853e+00   1.0919737e+00   1.1597384e+00
   4.9186957e-01   5.2592654e-01   5.5016556e-01   5.8417031e-01   6.1579986e-01   6.6273939e-01   6.9470275e-01   7.3478729e-01   7.8265627e-01   8.2973136e-01   8.8512450e-01   9.2426727e-01   9.9333850e-01   1.0375323e+00   1.1111984e+00   1.1619130e+00
   4.9960265e-01   5.3047699e-01   5.6166050e-01   5.9886369e-01   6.2529999e-01   6.6499968e-01   7.1115515e-01   7.4955756e-01   7.8349589e-01   8.3657177e-01   8.9084892e-01   9.4099679e-01   1.0047613e+00   1.0618528e+00   1.1100242e+00   1.1801219e+00
   5.1416205e-01   5.4065397e-01   5.6839436e-01   6.0105187e-01   6.4008261e-01   6.7585564e-01   7.2074550e-01   7.5089668e-01   8.0431614e-01   8.4966923e-01   8.9531062e-01   9.5607624e-01   1.0088945e+00   1.0665137e+00   1.1258604e+00   1.1891725e+00
   5.1352732e-01   5.4932681e-01   5.7371108e-01   6.1127424e-01   6.4869294e-01   6.8170389e-01   7.3016763e-01   7.7051185e-01   8.1751451e-01   8.5160925e-01   9.0925452e-01   9.5883498e-01   1.0201202e+00   1.0707327e+00   1.1359611e+00   1.2044895e+00
   5.2201595e-01   5.5523751e-01   5.8815704e-01   6.2194054e-01   6.4962976e-01   6.9453627e-01   7.2761350e-01   7.7599748e-01   8.2639636e-01   8.7512128e-01   9.2008778e-01   9.6501423e-01   1.0312575e+00   1.0885098e+00   1.1398955e+00   1.2168543e+00
   5.3674254e-01   5.6386440e-01   5.8936947e-01   6.3307122e-01   6.6083655e-01   7.0138903e-01   7.4261834e-01   7.8985585e-01   8.3187432e-01   8.7735419e-01   9.3688633e-01   9.8401100e-01   1.0487814e+00   1.1026359e+00   1.1583019e+00   1.2091537e+00
   5.3609253e-01   5.7614751e-01   6.0861949e-01   6.3352763e-01   6.6680824e-01   7.1398384e-01   7.5974470e-01   7.9394400e-01   8.4221145e-01   8.8523045e-01   9.4881252e-01   9.9780538e-01   1.0408450e+00   1.0981318e+00   1.1746836e+00   1.2391369e+00
   5.5077763e-01   5.7603555e-01   6.0614530e-01   6.4051103e-01   6.8732832e-01   7.1553485e-01   7.5999815e-01   7.9808634e-01   8.5862159e-01   9.0008700e-01   9.5950814e-01   1.0098786e+00   1.0702315e+00   1.1236076e+00   1.1811884e+00   1.2465555e+00
   5.6106668e-01   5.9136312e-01   6.2285158e-01   6.5683340e-01   6.9356207e-01   7.3063151e-01   7.7044727e-01   8.1149079e-01   8.6015146e-01   9.1121916e-01   9.5769435e-01   1.0060068e+00   1.0725137e+00   1.1256887e+00   1.1812691e+00   1.2381335e+00
   5.6270550e-01   5.8990325e-01   6.2614442e-01   6.5760962e-01   6.9865913e-01   7.3797260e-01   7.8265191e-01   8.2155527e-01   8.7665414e-01   9.2338806e-01   9.7394433e-01   1.0272553e+00   1.0821046e+00   1.1295123e+00   1.2070334e+00   1.2656153e+00
   5.7525945e-01   6.0331708e-01   6.3363938e-01   6.7284345e-01   7.0159186e-01   7.5493471e-01   7.9087369e-01   8.2763541e-01   8.8814627e-01   9.3254364e-01   9.8249748e-01   1.0451691e+00   1.0986661e+00   1.1403539e+00   1.2095484e+00   1.2772478e+00
   5.7940070e-01   6.1387071e-01   6.4040241e-01   6.7591087e-01   7.1812524e-01   7.5477533e-01   8.0008516e-01   8.4168312e-01   8.9879878e-01   9.3336992e-01   9.9720365e-01   1.0412723e+00   1.1011113e+00   1.1684407e+00   1.2122052e+00   1.2842373e+00
   5.8611626e-01   6.1302285e-01   6.5591557e-01   6.9057837e-01   7.2450989e-01   7.6613921e-01   8.0464207e-01   8.4586121e-01   9.0447314e-01   9.5643047e-01   1.0095921e+00   1.0570080e+00   1.1133436e+00   1.1581064e+00   1.2274973e+00   1.2909837e+00
   5.8720214e-01   6.2379619e-01   6.5468152e-01   6.9372543e-01   7.2747918e-01   7.7436749e-01   8.2158714e-01   8.7063597e-01   9.1415916e-01   9.6205518e-01   1.0162972e+00   1.0546060e+00   1.1257994e+00   1.1838912e+00   1.2467747e+00   1.2930169e+00
   6.0406087e-01   6.3016683e-01   6.6687802e-01   7.0040031e-01   7.4382634e-01   7.7714627e-01   8.2792409e-01   8.7018404e-01   9.1737975e-01   9.6959140e-01   1.0191818e+00   1.0687541e+00   1.1345816e+00   1.1900207e+00   1.2492615e+00   1.2976542e+00
   6.0661072e-01   6.3916230e-01   6.7492733e-01   7.0544169e-01   7.4281800e-01   7.9071559e-01   8.2910999e-01   8.8194114e-01   9.2524350e-01   9.8532821e-01   1.0384946e+00   1.0735642e+00   1.1382950e+00   1.2044146e+00   1.2614883e+00   1.3265957e+00
   6.0979366e-01   6.4348788e-01   6.8671674e-01   7.2600185e-01   7.5821666e-01   8.0370674e-01   8.4522418e-01   8.8238064e-01   9.2858589e-01   9.7911330e-01   1.0445653e+00   1.0906094e+00   1.1563416e+00   1.1994598e+00   1.2776342e+00   1.3266204e+00
   6.1987292e-01   6.5929850e-01   6.9256000e-01   7.3159171e-01   7.6219933e-01   8.1243371e-01   8.4483438e-01   8.9758850e-01   9.3719909e-01   9.8941736e-01   1.0566590e+00   1.1118702e+00   1.1523599e+00   1.2154575e+00   1.2801327e+00   1.3250348e+00
   6.2715418e-01   6.5480832e-01   7.0194898e-01   7.3200235e-01   7.6752251e-01   8.1853285e-01   8.6754253e-01   9.0462875e-01   9.5175427e-01   1.0025530e+00   1.0527270e+00   1.1037062e+00   1.1716155e+00   1.2255481e+00   1.2948234e+00   1.3506733e+00
   6.3551691e-01   6.6214563e-01   7.0392691e-01   7.4182904e-01   7.8038727e-01   8.2014234e-01   8.6296592e-01   9.0791478e-01   9.5934052e-01   1.0096894e+00   1.0571963e+00   1.1263604e+00   1.1650776e+00   1.2318702e+00   1.2828593e+00   1.3428547e+00
   6.4661926e-01   6.7069754e-01   7.1250662e-01   7.4588491e-01   7.9311034e-01   8.4074522e-01   8.8388083e-01   9.2624594e-01   9.7507107e-01   1.0251719e+00   1.0848997e+00   1.1263949e+00   1.1861842e+00   1.2380515e+00   1.3153600e+00   1.3752115e+00
   6.4974354e-01   6.8863132e-01   7.1627152e-01   7.5489987e-01   7.9841644e-01   8.3903701e-01   8.8390478e-01   9.4139238e-01   9.8927469e-01   1.0307946e+00   1.0893683e+00   1.1364347e+00   1.1920555e+00   1.2495893e+00   1.3113565e+00   1.3698022e+00
   6.5372396e-01   6.8426109e-01   7.3212835e-01   7.6041901e-01   8.1089451e-01   8.5638072e-01   8.9285285e-01   9.4288563e-01   9.9033314e-01   1.0461591e+00   1.0864482e+00   1.1585553e+00   1.2133639e+00   1.2494138e+00   1.3168657e+00   1.3703905e+00
   6.6304951e-01   7.0329677e-01   7.4066638e-01   7.7222426e-01   8.0923892e-01   8.4916031e-01   9.0876490e-01   9.4431224e-01   1.0043318e+00   1.0550939e+00   1.0926186e+00   1.1519740e+00   1.2105425e+00   1.2705275e+00   1.3395774e+00   1.4021400e+00
   6.7517781e-01   7.0337878e-01   7.4766797e-01   7.8413176e-01   8.1826316e-01   8.6973091e-01   9.0476050e-01   9.6089816e-01   1.0165435e+00   1.0514206e+00   1.1193555e+00   1.1760116e+00   1.2236045e+00   1.2791867e+00   1.3299963e+00   1.3888516e+00
   6.8212241e-01   7.1312931e-01   7.5202592e-01   7.8402242e-01   8.2409571e-01   8.7242764e-01   9.1136344e-01   9.5662154e-01   1.0060646e+00   1.0754500e+00   1.1098181e+00   1.1776490e+00   1.2327295e+00   1.2961120e+00   1.3367518e+00   1.4039520e+00
   6.8223528e-01   7.1175527e-01   7.5525366e-01   8.0085790e-01   8.3735474e-01   8.8263368e-01   9.2194468e-01   9.7694039e-01   1.0221144e+00   1.0640673e+00   1.1304254e+00   1.1721250e+00   1.2457277e+00   1.2952236e+00   1.3451636e+00   1.4147457e+00
   6.9393364e-01   7.2941278e-01   7.6312098e-01   8.0674538e-01   8.5006768e-01   8.9246323e-01   9.4254424e-01   9.7613584e-01   1.0362353e+00   1.0726928e+00   1.1465307e+00   1.1807184e+00   1.2477916e+00   1.2987258e+00   1.3498193e+00   1.4253409e+00
   6.9151025e-01   7.3156160e-01   7.7544702e-01   8.1418083e-01   8.4834056e-01   8.8895058e-01   9.3877208e-01   9.9299103e-01   1.0402507e+00   1.0929932e+00   1.1407129e+00   1.1911946e+00   1.2523497e+00   1.3211149e+00   1.3614293e+00   1.4364179e+00
   7.0973438e-01   7.4373485e-01   7.8362507e-01   8.1739193e-01   8.5545414e-01   9.0194251e-01   9.5394303e-01   9.9699112e-01   1.0561673e+00   1.1027358e+00   1.1414259e+00   1.2145496e+00   1.2613521e+00   1.3136278e+00   1.3781802e+00   1.4308778e+00
   7.0314574e-01   7.4760577e-01   7.8092685e-01   8.3353876e-01   8.6070648e-01   9.1569575e-01   9.6269613e-01   1.0058062e+00   1.0526039e+00   1.1087419e+00   1.1715370e+00   1.2113304e+00   1.2630760e+00   1.3190430e+00   1.3764510e+00   1.4423060e+00
   7.1222573e-01   7.5861498e-01   7.9502551e-01   8.3180078e-01   8.7955809e-01   9.2841605e-01   9.6202017e-01   1.0209293e+00   1.0550291e+00   1.1246143e+00   1.1721331e+00   1.2153404e+00   1.2856242e+00   1.3413719e+00   1.4070504e+00   1.4453113e+00
   7.2574752e-01   7.5900850e-01   8.0157876e-01   8.4413938e-01   8.8076609e-01   9.3241674e-01   9.7033105e-01   1.0311442e+00   1.0753062e+00   1.1296698e+00   1.1726619e+00   1.2248026e+00   1.2767960e+00   1.3392307e+00   1.4027491e+00   1.4555940e+00
   7.2996541e-01   7.6810268e-01   8.0235595e-01   8.5278763e-01   8.9882926e-01   9.4382783e-01   9.7587477e-01   1.0361276e+00   1.0688623e+00   1.1335993e+00   1.1775812e+00   1.2484801e+00   1.3059866e+00   1.3544056e+00   1.4225273e+00   1.4688167e+00
   7.4348647e-01   7.7985079e-01   8.1020710e-01   8.6239024e-01   8.9205889e-01   9.4433071e-01   9.9367958e-01   1.0307648e+00   1.0967839e+00   1.1398881e+00   1.1860968e+00   1.2338574e+00   1.2964264e+00   1.3553971e+00   1.4117219e+00   1.4875389e+00
   7.4953180e-01   7.8103481e-01   8.2691563e-01   8.6728438e-01   9.0614742e-01   9.5858649e-01   9.9927618e-01   1.0448078e+00   1.0859997e+00   1.1404667e+00   1.1964932e+00   1.2593438e+00   1.3109004e+00   1.3573888e+00   1.4131278e+00   1.5005246e+00
   7.4721970e-01   7.9149886e-01   8.1867125e-01   8.7465763e-01   9.1095356e-01   9.5377878e-01   1.0130562e+00   1.0593712e+00   1.0925341e+00   1.1553312e+00   1.2045352e+00   1.2669891e+00   1.3115535e+00   1.3850007e+00   1.4385748e+00   1.4983469e+00
   7.5293221e-01   7.8868926e-01   8.3269005e-01   8.7935983e-01   9.2368377e-01   9.6414771e-01   1.0091718e+00   1.0511453e+00   1.1113390e+00   1.1660872e+00   1.2266281e+00   1.2683829e+00   1.3276427e+00   1.3875640e+00   1.4270391e+00   1.5122125e+00
   7.6314602e-01   8.0680897e-01   8.3759405e-01   8.9065353e-01   9.2658141e-01   9.6282505e-01   1.0216508e+00   1.0656181e+00   1.1156250e+00   1.1773868e+00   1.2303993e+00   1.2762152e+00   1.3288381e+00   1.3853144e+00   1.4582771e+00   1.4958412e+00
   7.7582925e-01   8.1087249e-01   8.4361939e-01   8.8998664e-01   9.2520971e-01   9.7120116e-01   1.0177057e+00   1.0811066e+00   1.1301346e+00   1.1787436e+00   1.2245842e+00   1.2918577e+00   1.3474517e+00   1.4047195e+00   1.4672793e+00   1.5148528e+00
   7.7006827e-01   8.1365196e-01   8.5131137e-01   8.9400861e-01   9.4492298e-01   9.9252242e-01   1.0289134e+00   1.0799132e+00   1.1276404e+00   1.1870055e+00   1.2268761e+00   1.2855614e+00   1.3341174e+00   1.3906784e+00   1.4578745e+00   1.5322284e+00
   7.8141644e-01   8.1531052e-01   8.5364280e-01   8.9454550e-01   9.5172910e-01   1.0018011e+00   1.0341300e+00   1.0858256e+00   1.1472001e+00   1.1864765e+00   1.2493092e+00   1.3041796e+00   1.3403409e+00   1.3968473e+00   1.4589099e+00   1.5137476e+00
   7.9006371e-01   8.2579653e-01   8.6983878e-01   9.1288599e-01   9.5068910e-01   9.9929899e-01   1.0498486e+00   1.1059584e+00   1.1446930e+00   1.2001545e+00   1.2440129e+00   1.2929656e+00   1.3701707e+00   1.4169274e+00   1.4638394e+00   1.5253583e+00
   7.8773323e-01   8.4069647e-01   8.7663965e-01   9.2107368e-01   9.5900207e-01   1.0047293e+00   1.0573745e+00   1.0954840e+00   1.1552042e+00   1.1975036e+00   1.2587857e+00   1.3170542e+00   1.3583409e+00   1.4292585e+00   1.4855524e+00   1.5490548e+00
   7.9618217e-01   8.4253388e-01   8.8169474e-01   9.1973883e-01   9.6970878e-01   1.0127245e+00   1.0562417e+00   1.1057192e+00   1.1597749e+00   1.2141819e+00   1.2571975e+00   1.3081964e+00   1.3683402e+00   1.4208770e+00   1.4999855e+00   1.5532080e+00
   8.1220695e-01   8.5084199e-01   8.9379702e-01   9.3686986e-01   9.7580182e-01   1.0176941e+00   1.0575694e+00   1.1100003e+00   1.1789550e+00   1.2145930e+00   1.2661433e+00   1.3157904e+00   1.3696564e+00   1.4379754e+00   1.5054489e+00   1.5547378e+00
   8.1729650e-01   8.4647383e-01   8.9007582e-01   9.3903754e-01   9.8882020e-01   1.0228099e+00   1.0699746e+00   1.1174796e+00   1.1753855e+00   1.2187013e+00   1.2891805e+00   1.3268909e+00   1.4007278e+00   1.4452823e+00   1.5088753e+00   1.5642247e+00
   8.2269964e-01   8.6140346e-01   9.0393564e-01   9.4319374e-01   9.9028381e-01   1.0328086e+00   1.0920057e+00   1.1250902e+00   1.1926678e+00   1.2424407e+00   1.2950539e+00   1.3332265e+00   1.3827002e+00   1.4455148e+00   1.5075921e+00   1.5706154e+00
   8.2088026e-01   8.6738537e-01   8.9809659e-01   9.4656936e-01   9.8429321e-01   1.0350978e+00   1.0970524e+00   1.1310521e+00   1.1973286e+00   1.2406512e+00   1.2999491e+00   1.3371404e+00   1.3942087e+00   1.4689304e+00   1.5148337e+00   1.5762979e+00
   8.2833072e-01   8.7137476e-01   9.2096023e-01   9.5946554e-01   9.9906617e-01   1.0452329e+00   1.0977458e+00   1.1438480e+00   1.1869144e+00   1.2364107e+00   1.3080439e+00   1.3601934e+00   1.3977104e+00   1.4720859e+00   1.5220650e+00   1.5743088e+00
   8.3273785e-01   8.8400863e-01   9.1014215e-01   9.6252939e-01   1.0070618e+00   1.0638825e+00   1.0937989e+00   1.1554529e+00   1.2025445e+00   1.2540714e+00   1.3017223e+00   1.3675443e+00   1.4217013e+00   1.4573977e+00   1.5407438e+00   1.5961813e+00
   8.3636678e-01   8.8631934e-01   9.3111698e-01   9.7127464e-01   1.0189446e+00   1.0519890e+00   1.1018543e+00   1.1691390e+00   1.2079635e+00   1.2605722e+00   1.3002679e+00   1.3720777e+00   1.4287347e+00   1.4718526e+00   1.5357594e+00   1.5928070e+00
   8.4497967e-01   8.8054271e-01   9.3415026e-01   9.8304739e-01   1.0229715e+00   1.0576128e+00   1.1040670e+00   1.1545402e+00   1.2090309e+00   1.2610226e+00   1.3313426e+00   1.3826210e+00   1.4292216e+00   1.4845839e+00   1.5304710e+00   1.6151021e+00
   8.6089290e-01   9.0057073e-01   9.3581130e-01   9.8576432e-01   1.0194528e+00   1.0660188e+00   1.1163947e+00   1.1665989e+00   1.2332082e+00   1.2633837e+00   1.3271577e+00   1.3765561e+00   1.4265068e+00   1.4933420e+00   1.5509025e+00   1.6102720e+00
   8.5416908e-01   8.9867800e-01   9.3876551e-01   9.9622310e-01   1.0296811e+00   1.0827953e+00   1.1285156e+00   1.1699804e+00   1.2261488e+00   1.2730330e+00   1.3285169e+00   1.3921093e+00   1.4514744e+00   1.4861973e+00   1.5550414e+00   1.6024494e+00
   8.5919343e-01   8.9829837e-01   9.4721833e-01   9.8580633e-01   1.0476085e+00   1.0832470e+00   1.1328827e+00   1.1732051e+00   1.2306850e+00   1.2892921e+00   1.3322436e+00   1.3802197e+00   1.4361534e+00   1.4943427e+00   1.5706761e+00   1.6035558e+00
   8.7076855e-01   9.1798422e-01   9.4568013e-01   1.0029220e+00   1.0471594e+00   1.0928658e+00   1.1417834e+00   1.2016420e+00   1.2373124e+00   1.3033606e+00   1.3486065e+00   1.3969625e+00   1.4610682e+00   1.5180725e+00   1.5515482e+00   1.6318168e+00
   8.8032230e-01   9.0952381e-01   9.6048733e-01   9.9635544e-01   1.0523236e+00   1.1070633e+00   1.1471817e+00   1.1941538e+00   1.2506080e+00   1.2920311e+00   1.3586140e+00   1.4150228e+00   1.4458836e+00   1.5095017e+00   1.5841960e+00   1.6299201e+00
   8.8141854e-01   9.3170000e-01   9.6999908e-01   1.0156227e+00   1.0477588e+00   1.1010162e+00   1.1457540e+00   1.2094438e+00   1.2589784e+00   1.3169142e+00   1.3500598e+00   1.3967263e+00   1.4693279e+00   1.5319982e+00   1.5631545e+00   1.6220616e+00
   8.8934876e-01   9.2977450e-01   9.6377470e-01   1.0260754e+00   1.0669306e+00   1.1053136e+00   1.1595751e+00   1.2155563e+00   1.2547337e+00   1.3067192e+00   1.3502877e+00   1.4081015e+00   1.4786777e+00   1.5205856e+00   1.5930699e+00   1.6438488e+00
   8.9539859e-01   9.4162067e-01   9.8370810e-01   1.0276291e+00   1.0768996e+00   1.1276862e+00   1.1639322e+00   1.2105332e+00   1.2734517e+00   1.3072886e+00   1.3786569e+00   1.4234004e+00   1.4668815e+00   1.5159956e+00   1.5880924e+00   1.6334585e+00
   9.0378843e-01   9.4758781e-01   9.8098075e-01   1.0283146e+00   1.0710069e+00   1.1223022e+00   1.1742853e+00   1.2133316e+00   1.2819108e+00   1.3099902e+00   1.3861291e+00   1.4142093e+00   1.4686877e+00   1.5378628e+00   1.5862472e+00   1.6565479e+00
   8.9750318e-01   9.4574798e-01   9.9261073e-01   1.0445979e+00   1.0883748e+00   1.1251571e+00   1.1832667e+00   1.2345371e+00   1.2728896e+00   1.3319392e+00   1.3738437e+00   1.4258856e+00   1.4963109e+00   1.5538725e+00   1.6068751e+00   1.6701109e+00
   9.1180032e-01   9.5384085e-01   9.8886903e-01   1.0331971e+00   1.0908775e+00   1.1326615e+00   1.1799917e+00   1.2364832e+00   1.2725984e+00   1.3281724e+00   1.3800294e+00   1.4438030e+00   1.4921201e+00   1.5443783e+00   1.6161494e+00   1.6716504e+00
   9.1083863e-01   9.5154015e-01   9.9550171e-01   1.0434661e+00   1.1040065e+00   1.1461474e+00   1.1796113e+00   1.2270279e+00   1.2791179e+00   1.3453018e+00   1.3849132e+00   1.4523635e+00   1.4830448e+00   1.5397544e+00   1.6121938e+00   1.6648018e+00
   9.2900411e-01   9.6659600e-01   1.0001142e+00   1.0568944e+00   1.0899092e+00   1.1513313e+00   1.2036532e+00   1.2416386e+00   1.2984918e+00   1.3556048e+00   1.3961876e+00   1.4608588e+00   1.4995531e+00   1.5485832e+00   1.6286664e+00   1.6879975e+00
   9.3494801e-01   9.6064884e-01   1.0110355e+00   1.0515039e+00   1.1126619e+00   1.1605423e+00   1.2021104e+00   1.2622712e+00   1.2900552e+00   1.3509316e+00   1.4100605e+00   1.4572533e+00   1.5215350e+00   1.5587493e+00   1.6335180e+00   1.6729377e+00
   9.3284714e-01   9.8418305e-01   1.0167555e+00   1.0547442e+00   1.1007611e+00   1.1603795e+00   1.2075226e+00   1.2652098e+00   1.3123082e+00   1.3673000e+00   1.4185907e+00   1.4660354e+00   1.5118707e+00   1.5676614e+00   1.6084833e+00   1.6811096e+00
   9.3043321e-01   9.8607430e-01   1.0214354e+00   1.0623995e+00   1.1082351e+00   1.1546292e+00   1.2138856e+00   1.2663334e+00   1.3024331e+00   1.3586890e+00   1.4124337e+00   1.4626833e+00   1.5082407e+00   1.5781447e+00   1.6357383e+00   1.6826168e+00
   9.4311236e-01   9.8306592e-01   1.0284900e+00   1.0654295e+00   1.1303752e+00   1.1759280e+00   1.2057750e+00   1.2752601e+00   1.3071439e+00   1.3795899e+00   1.4212791e+00   1.4697851e+00   1.5295625e+00   1.5899829e+00   1.6191787e+00   1.6833715e+00
   9.5490415e-01   9.9900670e-01   1.0323704e+00   1.0812040e+00   1.1221922e+00   1.1769069e+00   1.2327761e+00   1.2835286e+00   1.3157034e+00   1.3609708e+00   1.4318214e+00   1.4624141e+00   1.5200693e+00   1.5806088e+00   1.6237709e+00   1.6957271e+00
   9.5727794e-01   9.9623097e-01   1.0388320e+00   1.0834876e+00   1.1301796e+00   1.1791539e+00   1.2185679e+00   1.2844006e+00   1.3206465e+00   1.3848615e+00   1.4226548e+00   1.4860721e+00   1.5357382e+00   1.5760724e+00   1.6579193e+00   1.6873519e+00
   9.6544831e-01   9.9993535e-01   1.0402326e+00   1.0921582e+00   1.1439962e+00   1.1848558e+00   1.2226064e+00   1.2843427e+00   1.3300522e+00   1.3719632e+00   1.4431705e+00   1.4957929e+00   1.5528492e+00   1.5860392e+00   1.6550561e+00   1.6944701e+00
   9.6496357e-01   1.0062096e+00   1.0464774e+00   1.1036819e+00   1.1534031e+00   1.1900698e+00   1.2491797e+00   1.2917968e+00   1.3365638e+00   1.3768085e+00   1.4302999e+00   1.4883250e+00   1.5304373e+00   1.5967049e+00   1.6428987e+00   1.7036523e+00
   9.7874108e-01   1.0081723e+00   1.0620849e+00   1.0973435e+00   1.1488753e+00   1.2042154e+00   1.2526672e+00   1.2897757e+00   1.3516640e+00   1.3904957e+00   1.4430646e+00   1.4984685e+00   1.5425487e+00   1.6109577e+00   1.6649966e+00   1.7144996e+00
   9.8055126e-01   1.0215363e+00   1.0601287e+00   1.1102636e+00   1.1584331e+00   1.2051254e+00   1.2429555e+00   1.3125597e+00   1.3630654e+00   1.3908989e+00   1.4486115e+00   1.4917134e+00   1.5455276e+00   1.6026835e+00   1.6707906e+00   1.7197997e+00
   9.7369371e-01   1.0250370e+00   1.0767549e+00   1.1215419e+00   1.1705184e+00   1.1969921e+00   1.2449038e+00   1.3161694e+00   1.3477278e+00   1.4140045e+00   1.4661305e+00   1.5023694e+00   1.5702151e+00   1.6285280e+00   1.6520333e+00   1.7367328e+00
   9.9302798e-01   1.0355717e+00   1.0629026e+00   1.1183361e+00   1.1662504e+00   1.2178335e+00   1.2513401e+00   1.3063478e+00   1.3557589e+00   1.4176690e+00   1.4746445e+00   1.5261750e+00   1.5606335e+00   1.6255535e+00   1.6879862e+00   1.7156776e+00
   9.9143710e-01   1.0434874e+00   1.0800767e+00   1.1299026e+00   1.1693082e+00   1.2293835e+00   1.2682032e+00   1.3141398e+00   1.3587770e+00   1.4090758e+00   1.4696868e+00   1.5267138e+00   1.5683509e+00   1.6264414e+00   1.6815955e+00   1.7188005e+00
   9.9004981e-01   1.0363168e+00   1.0808535e+00   1.1379736e+00   1.1714127e+00   1.2249963e+00   1.2700226e+00   1.3105578e+00   1.3837325e+00   1.4281055e+00   1.4798151e+00   1.5293875e+00   1.5792340e+00   1.6350185e+00   1.6822282e+00   1.7230467e+00
   1.0036756e+00   1.0468698e+00   1.0863752e+00   1.1246371e+00   1.1756419e+00   1.2295794e+00   1.2857731e+00   1.3188829e+00   1.3859388e+00   1.4251529e+00   1.4907357e+00   1.5352630e+00   1.5843405e+00   1.6392201e+00   1.6802761e+00   1.7538341e+00
   1.0064641e+00   1.0544880e+00   1.0835720e+00   1.1478783e+00   1.1750811e+00   1.2448304e+00   1.2743176e+00   1.3272574e+00   1.3731669e+00   1.4249235e+00   1.4904235e+00   1.5248129e+00   1.5710257e+00   1.6394912e+00   1.6809895e+00   1.7533168e+00
   1.0175302e+00   1.0626272e+00   1.1035038e+00   1.1394104e+00   1.1989473e+00   1.2514177e+00   1.2773940e+00   1.3371356e+00   1.3743997e+00   1.4343856e+00   1.4882743e+00   1.5454968e+00   1.6022358e+00   1.6498096e+00   1.7018311e+00   1.7601895e+00
   1.0151240e+00   1.0585030e+00   1.0983127e+00   1.1453562e+00   1.2044175e+00   1.2433071e+00   1.2839773e+00   1.3460224e+00   1.3946057e+00   1.4506282e+00   1.4988113e+00   1.5388338e+00   1.5938681e+00   1.6600188e+00   1.6865788e+00   1.7648774e+00
   1.0132874e+00   1.0657435e+00   1.1013677e+00   1.1506416e+00   1.1976966e+00   1.2534452e+00   1.2920749e+00   1.3556623e+00   1.4091932e+00   1.4322421e+00   1.5007010e+00   1.5423183e+00   1.6046121e+00   1.6540400e+00   1.6978431e+00   1.7724573e+00
   1.0243696e+00   1.0596094e+00   1.1134318e+00   1.1500113e+00   1.2158057e+00   1.2586691e+00   1.3123702e+00   1.3410101e+00   1.3925519e+00   1.4359249e+00   1.5134261e+00   1.5396709e+00   1.5879050e+00   1.6485344e+00   1.6914790e+00   1.7695446e+00
   1.0205962e+00   1.0838034e+00   1.1295640e+00   1.1700520e+00   1.2232224e+00   1.2544909e+00   1.3066884e+00   1.3454451e+00   1.4004644e+00   1.4614344e+00   1.5020582e+00   1.5559103e+00   1.5962004e+00   1.6700905e+00   1.7017551e+00   1.7809684e+00
   1.0366115e+00   1.0696004e+00   1.1178600e+00   1.1770451e+00   1.2211718e+00   1.2720618e+00   1.3190232e+00   1.3557882e+00   1.4054255e+00   1.4687658e+00   1.5190836e+00   1.5524075e+00   1.6047253e+00   1.6551319e+00   1.7215757e+00   1.7666553e+00
   1.0322157e+00   1.0886285e+00   1.1177024e+00   1.1718474e+00   1.2286098e+00   1.2635298e+00   1.3270482e+00   1.3589418e+00   1.4270773e+00   1.4624647e+00   1.5063803e+00   1.5488457e+00   1.6015026e+00   1.6521710e+00   1.7103130e+00   1.7694081e+00
   1.0360554e+00   1.0791853e+00   1.1409961e+00   1.1803726e+00   1.2352804e+00   1.2761761e+00   1.3212117e+00   1.3785171e+00   1.4180828e+00   1.4785270e+00   1.5169936e+00   1.5752837e+00   1.6214930e+00   1.6728512e+00   1.7322781e+00   1.7947588e+00
   1.0495436e+00   1.0940735e+00   1.1359325e+00   1.1883751e+00   1.2325505e+00   1.2882587e+00   1.3176262e+00   1.3861511e+00   1.4188891e+00   1.4731963e+00   1.5106043e+00   1.5638353e+00   1.6104339e+00   1.6844207e+00   1.7311516e+00   1.7682521e+00
   1.0534057e+00   1.1042677e+00   1.1324523e+00   1.1895844e+00   1.2476317e+00   1.2938606e+00   1.3292402e+00   1.3932453e+00   1.4288446e+00   1.4642532e+00   1.5236759e+00   1.5620605e+00   1.6359953e+00   1.6720437e+00   1.7340418e+00   1.7955947e+00
   1.0633384e+00   1.1005401e+00   1.1545786e+00   1.1939467e+00   1.2450014e+00   1.2762369e+00   1.3491117e+00   1.3836542e+00   1.4442860e+00   1.4837704e+00   1.5394685e+00   1.5790700e+00   1.6189617e+00   1.6824137e+00   1.7366982e+00   1.7842061e+00
   1.0534396e+00   1.1002842e+00   1.1546982e+00   1.1902846e+00   1.2482399e+00   1.2958929e+00   1.3443185e+00   1.3903832e+00   1.4411745e+00   1.4807919e+00   1.5211215e+00   1.5869717e+00   1.6521548e+00   1.6781181e+00   1.7296150e+00   1.7996256e+00
   1.0606043e+00   1.1204983e+00   1.1566459e+00   1.2010416e+00   1.2624135e+00   1.3084250e+00   1.3409743e+00   1.3929905e+00   1.4457368e+00   1.4836451e+00   1.5489655e+00   1.5926625e+00   1.6332487e+00   1.6984310e+00   1.7412236e+00   1.7859733e+00
   1.0647214e+00   1.1097190e+00   1.1577316e+00   1.2163102e+00   1.2592592e+00   1.3003004e+00   1.3609873e+00   1.3844229e+00   1.4413649e+00   1.5018713e+00   1.5406283e+00   1.5829585e+00   1.6344199e+00   1.6850169e+00   1.7610449e+00   1.7867908e+00
   1.0687920e+00   1.1151579e+00   1.1636536e+00   1.2078321e+00   1.2618768e+00   1.3083148e+00   1.3434446e+00   1.4005857e+00   1.4567708e+00   1.4991849e+00   1.5401755e+00   1.6037293e+00   1.6605092e+00   1.7030633e+00   1.7462971e+00   1.8207737e+00
   1.0864999e+00   1.1213392e+00   1.1597574e+00   1.2052868e+00   1.2596794e+00   1.3207933e+00   1.3634746e+00   1.3960764e+00   1.4562575e+00   1.5038479e+00   1.5430265e+00   1.5893421e+00   1.6476138e+00   1.6949997e+00   1.7591319e+00   1.8159054e+00
   1.0779343e+00   1.1205984e+00   1.1779468e+00   1.2127181e+00   1.2621620e+00   1.3180666e+00   1.3715263e+00   1.4137575e+00   1.4731641e+00   1.5105291e+00   1.5479671e+00   1.5909723e+00   1.6465313e+00   1.7160625e+00   1.7524889e+00   1.8168332e+00
   1.0988475e+00   1.1267719e+00   1.1766164e+00   1.2170401e+00   1.2849678e+00   1.3237713e+00   1.3632038e+00   1.4176907e+00   1.4563522e+00   1.5198135e+00   1.5630923e+00   1.6240658e+00   1.6605210e+00   1.7180975e+00   1.7634485e+00   1.8103856e+00
   1.0835791e+00   1.1316888e+00   1.1816081e+00   1.2324220e+00   1.2674560e+00   1.3126734e+00   1.3647916e+00   1.4181743e+00   1.4796289e+00   1.5172725e+00   1.5542979e+00   1.6272140e+00   1.6498087e+00   1.7232901e+00   1.7635797e+00   1.8326143e+00
   1.0885156e+00   1.1346334e+00   1.1774759e+00   1.2462356e+00   1.2713498e+00   1.3200911e+00   1.3681206e+00   1.4346881e+00   1.4837939e+00   1.5137820e+00   1.5652548e+00   1.6258386e+00   1.6787668e+00   1.7313784e+00   1.7722750e+00   1.8419933e+00
   1.1013565e+00   1.1423080e+00   1.1877407e+00   1.2416474e+00   1.2974859e+00   1.3423013e+00   1.3818707e+00   1.4419802e+00   1.4758836e+00   1.5223584e+00   1.5768887e+00   1.6234794e+00   1.6833490e+00   1.7103681e+00   1.7778748e+00   1.8248214e+00
   1.1072756e+00   1.1582720e+00   1.1992776e+00   1.2431772e+00   1.2961901e+00   1.3450565e+00   1.3852321e+00   1.4366506e+00   1.4865530e+00   1.5281567e+00   1.5633090e+00   1.6109243e+00   1.6894962e+00   1.7418204e+00   1.7643334e+00   1.8188719e+00
   1.1054165e+00   1.1672906e+00   1.2085862e+00   1.2580319e+00   1.2840158e+00   1.3551224e+00   1.3907379e+00   1.4386362e+00   1.4879265e+00   1.5366184e+00   1.5729448e+00   1.6299463e+00   1.6671742e+00   1.7241854e+00   1.7913952e+00   1.8238535e+00
   1.1074114e+00   1.1720136e+00   1.2144760e+00   1.2526871e+00   1.2898729e+00   1.3598302e+00   1.3942184e+00   1.4458271e+00   1.4946369e+00   1.5337681e+00   1.5713946e+00   1.6205560e+00   1.6789432e+00   1.7476647e+00   1.7873799e+00   1.8503451e+00
   1.1162395e+00   1.1621072e+00   1.2081093e+00   1.2577448e+00   1.3126720e+00   1.3529407e+00   1.4015894e+00   1.4362200e+00   1.5056489e+00   1.5311800e+00   1.6004103e+00   1.6248820e+00   1.6865772e+00   1.7378042e+00   1.8007151e+00   1.8536380e+00
   1.1308719e+00   1.1619116e+00   1.2162102e+00   1.2553468e+00   1.3022902e+00   1.3681936e+00   1.4097280e+00   1.4414113e+00   1.4914037e+00   1.5401682e+00   1.6008414e+00   1.6479221e+00   1.6800194e+00   1.7367288e+00   1.8020440e+00   1.8431720e+00
   1.1184444e+00   1.1846397e+00   1.2169093e+00   1.2607507e+00   1.3025943e+00   1.3632694e+00   1.3955790e+00   1.4460444e+00   1.5092496e+00   1.5355168e+00   1.5804726e+00   1.6489082e+00   1.6996578e+00   1.7597346e+00   1.7964342e+00   1.8357719e+00
   1.1407361e+00   1.1819830e+00   1.2296971e+00   1.2599944e+00   1.3211569e+00   1.3567970e+00   1.4155681e+00   1.4619124e+00   1.5130658e+00   1.5650172e+00   1.5970137e+00   1.6514487e+00   1.7040010e+00   1.7434164e+00   1.7907330e+00   1.8372712e+00
   1.1259668e+00   1.1926084e+00   1.2309657e+00   1.2718486e+00   1.3231630e+00   1.3739739e+00   1.4210484e+00   1.4474953e+00   1.4989437e+00   1.5556070e+00   1.6094840e+00   1.6481509e+00   1.6963661e+00   1.7391989e+00   1.8071429e+00   1.8366426e+00
   1.1443322e+00   1.1979796e+00   1.2390256e+00   1.2889916e+00   1.3331986e+00   1.3626939e+00   1.4316524e+00   1.4669912e+00   1.5154466e+00   1.5581324e+00   1.5936838e+00   1.6587323e+00   1.7108084e+00   1.7441752e+00   1.8208742e+00   1.8630444e+00
   1.1546135e+00   1.1982912e+00   1.2443524e+00   1.2737857e+00   1.3324718e+00   1.3839324e+00   1.4279427e+00   1.4776336e+00   1.5067705e+00   1.5628809e+00   1.6194986e+00   1.6530233e+00   1.6911658e+00   1.7639437e+00   1.8016729e+00   1.8630096e+00
   1.1419097e+00   1.2016394e+00   1.2318683e+00   1.2913981e+00   1.3423030e+00   1.3717930e+00   1.4149099e+00   1.4695461e+00   1.5080509e+00   1.5781838e+00   1.6148024e+00   1.6720219e+00   1.6968764e+00   1.7643423e+00   1.7924165e+00   1.8762162e+00
   1.1549918e+00   1.2087679e+00   1.2382245e+00   1.2796723e+00   1.3395092e+00   1.3889544e+00   1.4274784e+00   1.4700872e+00   1.5385636e+00   1.5600937e+00   1.6149614e+00   1.6629127e+00   1.7203082e+00   1.7456194e+00   1.8278554e+00   1.8781652e+00
   1.1627743e+00   1.2131766e+00   1.2409506e+00   1.2861871e+00   1.3512900e+00   1.3912450e+00   1.4352627e+00   1.4788812e+00   1.5185102e+00   1.5611186e+00   1.6092232e+00   1.6559720e+00   1.7003480e+00   1.7513603e+00   1.8009236e+00   1.8818216e+00
   1.1499802e+00   1.2058303e+00   1.2574147e+00   1.3093389e+00   1.3321665e+00   1.3858170e+00   1.4261020e+00   1.4961596e+00   1.5312806e+00   1.5826533e+00   1.6367658e+00   1.6752720e+00   1.7223505e+00   1.7619066e+00   1.8279671e+00   1.8698349e+00
   1.1596168e+00   1.2179107e+00   1.2603973e+00   1.3094939e+00   1.3487921e+00   1.3955576e+00   1.4302961e+00   1.4861454e+00   1.5469971e+00   1.5955051e+00   1.6204169e+00   1.6701545e+00   1.7260603e+00   1.7716226e+00   1.8068954e+00   1.8822884e+00
   1.1621993e+00   1.2256499e+00   1.2578094e+00   1.3179224e+00   1.3443384e+00   1.3949986e+00   1.4467280e+00   1.5049429e+00   1.5503828e+00   1.5933582e+00   1.6216570e+00   1.6729575e+00   1.7292133e+00   1.7608043e+00   1.8324517e+00   1.8675032e+00
   1.1773333e+00   1.2248656e+00   1.2696149e+00   1.3045617e+00   1.3690429e+00   1.4058297e+00   1.4457110e+00   1.4957532e+00   1.5508510e+00   1.5821001e+00   1.6496228e+00   1.6853366e+00   1.7250916e+00   1.7750020e+00   1.8179487e+00   1.8963275e+00
   1.1724227e+00   1.2204607e+00   1.2655925e+00   1.3265324e+00   1.3527391e+00   1.3985627e+00   1.4476166e+00   1.5059315e+00   1.5309474e+00   1.6054201e+00   1.6382670e+00   1.6791185e+00   1.7386142e+00   1.7764303e+00   1.8150754e+00   1.8711915e+00
   1.1712416e+00   1.2340471e+00   1.2745198e+00   1.3141338e+00   1.3692227e+00   1.4198114e+00   1.4606515e+00   1.4940402e+00   1.5350045e+00   1.6016088e+00   1.6566087e+00   1.7044976e+00   1.7374648e+00   1.7757945e+00   1.8367993e+00   1.8678531e+00
   1.1823519e+00   1.2334053e+00   1.2654755e+00   1.3274414e+00   1.3709926e+00   1.4231470e+00   1.4692215e+00   1.4915615e+00   1.5523088e+00   1.5966439e+00   1.6407077e+00   1.6792787e+00   1.7351160e+00   1.7787437e+00   1.8304125e+00   1.8933988e+00
   1.1892497e+00   1.2380643e+00   1.2860397e+00   1.3248849e+00   1.3644840e+00   1.4073048e+00   1.4634561e+00   1.5071446e+00   1.5425311e+00   1.6140174e+00   1.6622229e+00   1.7059529e+00   1.7269858e+00   1.8012866e+00   1.8495154e+00   1.9081007e+00
   1.1998890e+00   1.2313841e+00   1.2761719e+00   1.3422755e+00   1.3787899e+00   1.4250212e+00   1.4760901e+00   1.5144004e+00   1.5508382e+00   1.5932258e+00   1.6533647e+00   1.6956405e+00   1.7491144e+00   1.7926338e+00   1.8241300e+00   1.8936031e+00
   1.1922276e+00   1.2370496e+00   1.2815763e+00   1.3454754e+00   1.3929453e+00   1.4376045e+00   1.4778140e+00   1.5106448e+00   1.5557778e+00   1.5956365e+00   1.6391508e+00   1.6851377e+00   1.7422583e+00   1.7975971e+00   1.8413091e+00   1.9094816e+00
   1.2079134e+00   1.2526068e+00   1.2910794e+00   1.3398845e+00   1.3705490e+00   1.4277001e+00   1.4673786e+00   1.5185054e+00   1.5742402e+00   1.6258042e+00   1.6465793e+00   1.6968838e+00   1.7577170e+00   1.7847717e+00   1.8515315e+00   1.8813268e+00
   1.2143253e+00   1.2474038e+00   1.3030324e+00   1.3468028e+00   1.3913818e+00   1.4254783e+00   1.4917476e+00   1.5150083e+00   1.5561672e+00   1.6041952e+00   1.6524612e+00   1.7196772e+00   1.7478624e+00   1.7964694e+00   1.8605194e+00   1.9149421e+00
   1.2092206e+00   1.2561747e+00   1.2943678e+00   1.3468205e+00   1.3830785e+00   1.4320050e+00   1.4716027e+00   1.5233051e+00   1.5835055e+00   1.6239001e+00   1.6660538e+00   1.7220473e+00   1.7527224e+00   1.8197607e+00   1.8361253e+00   1.8847617e+00
   1.2010779e+00   1.2554908e+00   1.3127811e+00   1.3414591e+00   1.4041748e+00   1.4480660e+00   1.4925681e+00   1.5398292e+00   1.5798892e+00   1.6147593e+00   1.6546519e+00   1.7084992e+00   1.7486819e+00   1.8228672e+00   1.8400115e+00   1.9091775e+00
   1.2222028e+00   1.2483195e+00   1.3067837e+00   1.3511243e+00   1.3850489e+00   1.4572502e+00   1.4837845e+00   1.5396967e+00   1.5936734e+00   1.6233216e+00   1.6589418e+00   1.7190751e+00   1.7576427e+00   1.8174105e+00   1.8643548e+00   1.8914815e+00
   1.2259208e+00   1.2741704e+00   1.3106754e+00   1.3681504e+00   1.4104806e+00   1.4357895e+00   1.4945271e+00   1.5469936e+00   1.5743746e+00   1.6153453e+00   1.6642004e+00   1.7230052e+00   1.7626449e+00   1.7970535e+00   1.8620965e+00   1.9010076e+00
   1.2257277e+00   1.2580831e+00   1.3234520e+00   1.3646770e+00   1.4157002e+00   1.4447540e+00   1.4995997e+00   1.5433801e+00   1.5912685e+00   1.6439271e+00   1.6606137e+00   1.7343213e+00   1.7718680e+00   1.8293569e+00   1.8799995e+00   1.9302785e+00
   1.2210926e+00   1.2686069e+00   1.3201636e+00   1.3521929e+00   1.4171724e+00   1.4646878e+00   1.4980060e+00   1.5558778e+00   1.5887963e+00   1.6466385e+00   1.6693286e+00   1.7318620e+00   1.7639968e+00   1.8040375e+00   1.8719457e+00   1.9134139e+00
   1.2248870e+00   1.2693759e+00   1.3236656e+00   1.3564842e+00   1.4198148e+00   1.4424767e+00   1.4951689e+00   1.5402799e+00   1.5883610e+00   1.6315095e+00   1.6719619e+00   1.7301423e+00   1.7721980e+00   1.8017661e+00   1.8815244e+00   1.9105567e+00
   1.2240342e+00   1.2806206e+00   1.3133439e+00   1.3654127e+00   1.4050875e+00   1.4636194e+00   1.4964493e+00   1.5545517e+00   1.5838110e+00   1.6473776e+00   1.6837638e+00   1.7405655e+00   1.7866213e+00   1.8390683e+00   1.8708872e+00   1.9142623e+00
   1.2449498e+00   1.2817618e+00   1.3292277e+00   1.3684132e+00   1.4253801e+00   1.4659837e+00   1.4968746e+00   1.5433563e+00   1.6065274e+00   1.6419112e+00   1.6808788e+00   1.7179902e+00   1.7775324e+00   1.8360171e+00   1.8591902e+00   1.9140311e+00
   1.2431637e+00   1.2832284e+00   1.3286977e+00   1.3879912e+00   1.4223029e+00   1.4646444e+00   1.5163745e+00   1.5681718e+00   1.6078161e+00   1.6572859e+00   1.6845751e+00   1.7448435e+00   1.7675615e+00   1.8399169e+00   1.8872842e+00   1.9099667e+00
   1.2409479e+00   1.2918163e+00   1.3286953e+00   1.3799997e+00   1.4260387e+00   1.4770790e+00   1.5303817e+00   1.5552650e+00   1.6124573e+00   1.6352179e+00   1.7027216e+00   1.7382966e+00   1.7674256e+00   1.8416136e+00   1.8850778e+00   1.9236536e+00
   1.2433362e+00   1.2927804e+00   1.3291637e+00   1.3930824e+00   1.4232601e+00   1.4715672e+00   1.5229029e+00   1.5571813e+00   1.6081013e+00   1.6680072e+00   1.6858187e+00   1.7573334e+00   1.7795548e+00   1.8457655e+00   1.8683328e+00   1.9210264e+00
   1.2525747e+00   1.2841105e+00   1.3521403e+00   1.3747400e+00   1.4313332e+00   1.4882187e+00   1.5347384e+00   1.5585014e+00   1.6088599e+00   1.6566858e+00   1.7110993e+00   1.7511305e+00   1.7727977e+00   1.8494736e+00   1.8697123e+00   1.9354527e+00
   1.2567330e+00   1.3028807e+00   1.3398229e+00   1.3787780e+00   1.4284296e+00   1.4711728e+00   1.5285096e+00   1.5550119e+00   1.6157555e+00   1.6731019e+00   1.6943114e+00   1.7332052e+00   1.7841607e+00   1.8220247e+00   1.8979259e+00   1.9294250e+00
   1.2441726e+00   1.3109340e+00   1.3469960e+00   1.3846114e+00   1.4450953e+00   1.4813840e+00   1.5152903e+00   1.5696342e+00   1.6155604e+00   1.6687666e+00   1.7123410e+00   1.7653690e+00   1.7808198e+00   1.8534689e+00   1.8980073e+00   1.9370414e+00
   1.2581411e+00   1.2925511e+00   1.3524341e+00   1.3881428e+00   1.4418023e+00   1.4917746e+00   1.5343554e+00   1.5633109e+00   1.6105035e+00   1.6617619e+00   1.7023430e+00   1.7446592e+00   1.7796920e+00   1.8365427e+00   1.8955244e+00   1.9402727e+00
   1.2732070e+00   1.2965699e+00   1.3595592e+00   1.3896252e+00   1.4511436e+00   1.4901153e+00   1.5303936e+00   1.5782928e+00   1.6159794e+00   1.6774582e+00   1.7093491e+00   1.7513322e+00   1.7833626e+00   1.8434210e+00   1.9001157e+00   1.9470196e+00
   1.2560513e+00   1.3062951e+00   1.3630501e+00   1.4085397e+00   1.4540647e+00   1.4951571e+00   1.5420933e+00   1.5862408e+00   1.6217911e+00   1.6840066e+00   1.6993133e+00   1.7468990e+00   1.8006876e+00   1.8283414e+00   1.8990635e+00   1.9493042e+00
   1.2682403e+00   1.3076881e+00   1.3578723e+00   1.3976012e+00   1.4497591e+00   1.4853530e+00   1.5280367e+00   1.5787659e+00   1.6231471e+00   1.6741780e+00   1.7134259e+00   1.7580629e+00   1.8155160e+00   1.8517898e+00   1.8791010e+00   1.9419856e+00
   1.2768850e+00   1.3163437e+00   1.3544831e+00   1.4216739e+00   1.4481485e+00   1.4945210e+00   1.5432167e+00   1.5787531e+00   1.6227185e+00   1.6738508e+00   1.7083349e+00   1.7738306e+00   1.8077873e+00   1.8536499e+00   1.8778152e+00   1.9378527e+00
   1.2850969e+00   1.3281292e+00   1.3784441e+00   1.4001599e+00   1.4625914e+00   1.5005389e+00   1.5448724e+00   1.5888777e+00   1.6262711e+00   1.6891220e+00   1.7147004e+00   1.7475638e+00   1.8052388e+00   1.8693973e+00   1.8897716e+00   1.9597619e+00
   1.2807106e+00   1.3291406e+00   1.3632323e+00   1.4129845e+00   1.4553135e+00   1.5133044e+00   1.5421776e+00   1.5905350e+00   1.6428488e+00   1.6768666e+00   1.7148176e+00   1.7740303e+00   1.7940507e+00   1.8515599e+00   1.8815061e+00   1.9577689e+00
   1.2784244e+00   1.3360813e+00   1.3814885e+00   1.4129360e+00   1.4509209e+00   1.5156653e+00   1.5486436e+00   1.5894005e+00   1.6310635e+00   1.6675433e+00   1.7111713e+00   1.7628722e+00   1.8173878e+00   1.8524284e+00   1.9002485e+00   1.9573331e+00
   1.2917438e+00   1.3224383e+00   1.3855701e+00   1.4246420e+00   1.4796628e+00   1.5006673e+00   1.5562517e+00   1.6072194e+00   1.6383341e+00   1.6876862e+00   1.7409415e+00   1.7582227e+00   1.7973188e+00   1.8497570e+00   1.9051854e+00   1.9377325e+00
   1.2968345e+00   1.3405341e+00   1.3709551e+00   1.4158198e+00   1.4693236e+00   1.5238639e+00   1.5692567e+00   1.6134254e+00   1.6599783e+00   1.6817038e+00   1.7312938e+00   1.7651381e+00   1.8262277e+00   1.8439390e+00   1.8973535e+00   1.9577803e+00
   1.3035151e+00   1.3437579e+00   1.3766383e+00   1.4345549e+00   1.4592159e+00   1.5237944e+00   1.5634107e+00   1.5973275e+00   1.6450697e+00   1.6952717e+00   1.7299801e+00   1.7688518e+00   1.8048204e+00   1.8783772e+00   1.9238735e+00   1.9698555e+00
   1.2843575e+00   1.3454170e+00   1.3831714e+00   1.4375360e+00   1.4693054e+00   1.5160580e+00   1.5746058e+00   1.6074346e+00   1.6466824e+00   1.6938919e+00   1.7176673e+00   1.7901298e+00   1.8259625e+00   1.8569687e+00   1.9201306e+00   1.9647971e+00
   1.3083082e+00   1.3318307e+00   1.3941423e+00   1.4281991e+00   1.4642651e+00   1.5229236e+00   1.5510100e+00   1.6135847e+00   1.6395045e+00   1.6914897e+00   1.7401731e+00   1.7839826e+00   1.8105336e+00   1.8489769e+00   1.9099173e+00   1.9571192e+00
   1.3078895e+00   1.3462199e+00   1.3983446e+00   1.4454043e+00   1.4857558e+00   1.5383683e+00   1.5641293e+00   1.6209694e+00   1.6606723e+00   1.7088582e+00   1.7346373e+00   1.7948925e+00   1.8115436e+00   1.8663840e+00   1.8940749e+00   1.9582706e+00
   1.3125476e+00   1.3511906e+00   1.3907725e+00   1.4343751e+00   1.4794799e+00   1.5387749e+00   1.5570349e+00   1.6017899e+00   1.6661587e+00   1.6950054e+00   1.7376235e+00   1.7787590e+00   1.8402080e+00   1.8520328e+00   1.9331309e+00   1.9633561e+00
   1.2965434e+00   1.3484253e+00   1.3855254e+00   1.4520129e+00   1.4774034e+00   1.5264388e+00   1.5606616e+00   1.6044150e+00   1.6526872e+00   1.6869584e+00   1.7437763e+00   1.7784923e+00   1.8200107e+00   1.8756020e+00   1.9172104e+00   1.9562412e+00
   1.2961283e+00   1.3521974e+00   1.4099951e+00   1.4452231e+00   1.4843489e+00   1.5452280e+00   1.5876458e+00   1.6306279e+00   1.6741422e+00   1.7110096e+00   1.7618686e+00   1.7914629e+00   1.8299676e+00   1.8668609e+00   1.9071272e+00   1.9780898e+00
   1.3238345e+00   1.3645642e+00   1.3955449e+00   1.4433244e+00   1.4874430e+00   1.5291271e+00   1.5640812e+00   1.6286908e+00   1.6506046e+00   1.6899074e+00   1.7489711e+00   1.7939351e+00   1.8441227e+00   1.8650327e+00   1.9328707e+00   1.9557158e+00
   1.3215768e+00   1.3691315e+00   1.3996638e+00   1.4623873e+00   1.4944691e+00   1.5488717e+00   1.5941068e+00   1.6211938e+00   1.6572690e+00   1.6936986e+00   1.7601331e+00   1.7870904e+00   1.8229872e+00   1.8862306e+00   1.9126361e+00   1.9609440e+00
   1.3184092e+00   1.3759156e+00   1.4064338e+00   1.4409669e+00   1.4860109e+00   1.5377121e+00   1.5845483e+00   1.6319980e+00   1.6539125e+00   1.7092975e+00   1.7607017e+00   1.7876978e+00   1.8245386e+00   1.8617646e+00   1.9103877e+00   1.9572172e+00
   1.3169423e+00   1.3728343e+00   1.4097583e+00   1.4567740e+00   1.5088642e+00   1.5574876e+00   1.5798507e+00   1.6216494e+00   1.6760718e+00   1.7111101e+00   1.7624448e+00   1.8053379e+00   1.8295717e+00   1.8695868e+00   1.9249717e+00   1.9764693e+00
   1.3345861e+00   1.3612086e+00   1.4058644e+00   1.4684732e+00   1.5154564e+00   1.5528175e+00   1.5926388e+00   1.6461568e+00   1.6718553e+00   1.7268364e+00   1.7588970e+00   1.8025200e+00   1.8403385e+00   1.8790645e+00   1.9295119e+00   1.9594632e+00
   1.3254720e+00   1.3664045e+00   1.4233008e+00   1.4584370e+00   1.5037077e+00   1.5514412e+00   1.5848739e+00   1.6239185e+00   1.6925668e+00   1.7168615e+00   1.7707744e+00   1.7904137e+00   1.8445370e+00   1.8734148e+00   1.9092067e+00   1.9901023e+00
   1.3213632e+00   1.3683259e+00   1.4091906e+00   1.4590729e+00   1.5110367e+00   1.5475665e+00   1.5945782e+00   1.6219978e+00   1.6888231e+00   1.7087861e+00   1.7776523e+00   1.7992452e+00   1.8618132e+00   1.8963222e+00   1.9302555e+00   1.9798352e+00
   1.3383828e+00   1.3670428e+00   1.4162824e+00   1.4584932e+00   1.5060630e+00   1.5491147e+00   1.5978122e+00   1.6258632e+00   1.6952902e+00   1.7250302e+00   1.7570468e+00   1.8042608e+00   1.8303998e+00   1.8780435e+00   1.9366462e+00   1.9898735e+00
   1.3478863e+00   1.3690305e+00   1.4326113e+00   1.4841903e+00   1.5092091e+00   1.5638020e+00   1.5871052e+00   1.6352877e+00   1.6987822e+00   1.7419070e+00   1.7782408e+00   1.7988718e+00   1.8545222e+00   1.9021701e+00   1.9476298e+00   1.9737519e+00
   1.3244303e+00   1.3773823e+00   1.4160520e+00   1.4665078e+00   1.5120860e+00   1.5587885e+00   1.6145119e+00   1.6438514e+00   1.6879302e+00   1.7439646e+00   1.7725111e+00   1.8178893e+00   1.8591467e+00   1.8898873e+00   1.9312439e+00   1.9960251e+00
   1.3320958e+00   1.3956825e+00   1.4373400e+00   1.4842561e+00   1.5234803e+00   1.5507178e+00   1.5971205e+00   1.6313918e+00   1.6871670e+00   1.7415890e+00   1.7839912e+00   1.8201061e+00   1.8440643e+00   1.8923936e+00   1.9370304e+00   1.9644375e+00
   1.3322864e+00   1.3847653e+00   1.4412643e+00   1.4762771e+00   1.5324288e+00   1.5688305e+00   1.6110496e+00   1.6554901e+00   1.7062317e+00   1.7142060e+00   1.7731288e+00   1.8180208e+00   1.8352637e+00   1.8935654e+00   1.9203332e+00   1.9678931e+00
   1.3500081e+00   1.3947327e+00   1.4456289e+00   1.4919460e+00   1.5279743e+00   1.5727174e+00   1.6040457e+00   1.6647674e+00   1.6836914e+00   1.7506313e+00   1.7651662e+00   1.8286964e+00   1.8564138e+00   1.8878469e+00   1.9358862e+00   1.9654392e+00
   1.3561683e+00   1.4050932e+00   1.4297857e+00   1.4732429e+00   1.5173691e+00   1.5763133e+00   1.6116323e+00   1.6400152e+00   1.6790345e+00   1.7472322e+00   1.7791862e+00   1.8107273e+00   1.8479379e+00   1.9094290e+00   1.9528617e+00   1.9679034e+00
   1.3623024e+00   1.3924480e+00   1.4367256e+00   1.4919465e+00   1.5269871e+00   1.5777930e+00   1.6089236e+00   1.6402805e+00   1.6818546e+00   1.7419070e+00   1.7796089e+00   1.8128776e+00   1.8582445e+00   1.8833386e+00   1.9577339e+00   1.9954289e+00
   1.3605474e+00   1.3935985e+00   1.4508380e+00   1.5032185e+00   1.5396051e+00   1.5896591e+00   1.6208084e+00   1.6604286e+00   1.7105074e+00   1.7234213e+00   1.7700996e+00   1.8188264e+00   1.8515047e+00   1.8954647e+00   1.9547795e+00   1.9765938e+00
   1.3472227e+00   1.3896933e+00   1.4461872e+00   1.4956538e+00   1.5196792e+00   1.5670859e+00   1.6061880e+00   1.6694931e+00   1.6941664e+00   1.7320025e+00   1.7806571e+00   1.8107024e+00   1.8582379e+00   1.9173578e+00   1.9501512e+00   1.9743919e+00
   1.3601540e+00   1.3919997e+00   1.4503174e+00   1.4855367e+00   1.5278331e+00   1.5888831e+00   1.6337731e+00   1.6567592e+00   1.7026962e+00   1.7395395e+00   1.7763831e+00   1.8348826e+00   1.8705040e+00   1.8953098e+00   1.9396900e+00   2.0031331e+00
   1.3625016e+00   1.4087529e+00   1.4387651e+00   1.4922027e+00   1.5476603e+00   1.5943592e+00   1.6321116e+00   1.6559868e+00   1.7047397e+00   1.7554489e+00   1.7755359e+00   1.8260241e+00   1.8830175e+00   1.8960516e+00   1.9634035e+00   1.9789934e+00
   1.3525236e+00   1.4217890e+00   1.4674950e+00   1.4968800e+00   1.5284649e+00   1.5937040e+00   1.6244444e+00   1.6663468e+00   1.6916054e+00   1.7375643e+00   1.8033853e+00   1.8327431e+00   1.8679493e+00   1.9108936e+00   1.9372975e+00   1.9797601e+00
   1.3733602e+00   1.4206939e+00   1.4541095e+00   1.5155584e+00   1.5302434e+00   1.5733873e+00   1.6425674e+00   1.6741614e+00   1.7239352e+00   1.7355307e+00   1.7792759e+00   1.8359368e+00   1.8715136e+00   1.8926857e+00   1.9359337e+00   1.9923059e+00
   1.3714272e+00   1.4182856e+00   1.4696822e+00   1.5141054e+00   1.5505669e+00   1.5875994e+00   1.6429674e+00   1.6666915e+00   1.7096212e+00   1.7645110e+00   1.7993632e+00   1.8461314e+00   1.8689274e+00   1.9038115e+00   1.9550434e+00   2.0143604e+00
   1.3608591e+00   1.4289740e+00   1.4729437e+00   1.4982787e+00   1.5373455e+00   1.6006078e+00   1.6289552e+00   1.6888274e+00   1.7068009e+00   1.7463103e+00   1.8042500e+00   1.8396732e+00   1.8589964e+00   1.9148540e+00   1.9444694e+00   1.9866931e+00
   1.3697747e+00   1.4163288e+00   1.4710628e+00   1.5035727e+00   1.5519680e+00   1.5879682e+00   1.6196947e+00   1.6900337e+00   1.7057551e+00   1.7611166e+00   1.7933139e+00   1.8381820e+00   1.8826412e+00   1.9301638e+00   1.9587655e+00   2.0148359e+00
   1.3711786e+00   1.4323255e+00   1.4542593e+00   1.4983650e+00   1.5399477e+00   1.5865528e+00   1.6490597e+00   1.6779348e+00   1.7250037e+00   1.7655984e+00   1.8055694e+00   1.8463142e+00   1.8729949e+00   1.9018142e+00   1.9467549e+00   1.9785789e+00
   1.3844027e+00   1.4369999e+00   1.4764982e+00   1.4984739e+00   1.5429533e+00   1.6105255e+00   1.6512001e+00   1.6871301e+00   1.7325825e+00   1.7641034e+00   1.7982256e+00   1.8428497e+00   1.8771729e+00   1.9000138e+00   1.9610979e+00   2.0059929e+00
   1.3725233e+00   1.4361891e+00   1.4779806e+00   1.5089993e+00   1.5681289e+00   1.5931598e+00   1.6365335e+00   1.6933199e+00   1.7243167e+00   1.7667213e+00   1.7916554e+00   1.8518878e+00   1.8670524e+00   1.9079027e+00   1.9728130e+00   1.9973978e+00
   1.3820325e+00   1.4423599e+00   1.4857939e+00   1.5209187e+00   1.5538102e+00   1.6175382e+00   1.6371224e+00   1.6776488e+00   1.7217411e+00   1.7723468e+00   1.7852542e+00   1.8282117e+00   1.8733545e+00   1.9055855e+00   1.9546319e+00   2.0054564e+00
   1.3958296e+00   1.4234989e+00   1.4808089e+00   1.5320362e+00   1.5670356e+00   1.6030787e+00   1.6535976e+00   1.6981556e+00   1.7363402e+00   1.7483887e+00   1.8132668e+00   1.8496631e+00   1.8964736e+00   1.9345568e+00   1.9539908e+00   2.0077730e+00
   1.3858624e+00   1.4469527e+00   1.4889485e+00   1.5335659e+00   1.5566312e+00   1.5977358e+00   1.6422869e+00   1.6768057e+00   1.7423890e+00   1.7812505e+00   1.8201336e+00   1.8471338e+00   1.8975777e+00   1.9067299e+00   1.9606236e+00   1.9883807e+00
   1.3989427e+00   1.4494218e+00   1.4783432e+00   1.5115451e+00   1.5703745e+00   1.5960558e+00   1.6514742e+00   1.6907818e+00   1.7322823e+00   1.7690110e+00   1.8107057e+00   1.8401669e+00   1.8913595e+00   1.9109336e+00   1.9543692e+00   2.0237951e+00
   1.4005248e+00   1.4286877e+00   1.4730858e+00   1.5390319e+00   1.5810018e+00   1.6050420e+00   1.6560367e+00   1.7025930e+00   1.7461503e+00   1.7798441e+00   1.8094606e+00   1.8315575e+00   1.8946486e+00   1.9201109e+00   1.9609307e+00   2.0121971e+00
   1.4092838e+00   1.4304103e+00   1.4991298e+00   1.5243638e+00   1.5758308e+00   1.6200759e+00   1.6601771e+00   1.6907935e+00   1.7507663e+00   1.7841675e+00   1.8237640e+00   1.8329221e+00   1.8951299e+00   1.9245290e+00   1.9814165e+00   1.9933015e+00
   1.3860493e+00   1.4525689e+00   1.4786749e+00   1.5172708e+00   1.5857016e+00   1.6045657e+00   1.6642456e+00   1.7060112e+00   1.7222467e+00   1.7749970e+00   1.8094634e+00   1.8458386e+00   1.8937030e+00   1.9393254e+00   1.9746087e+00   1.9888558e+00
   1.4042202e+00   1.4525953e+00   1.4972324e+00   1.5399086e+00   1.5750854e+00   1.6147164e+00   1.6506368e+00   1.7112960e+00   1.7371117e+00   1.7683516e+00   1.8175632e+00   1.8406624e+00   1.8905327e+00   1.9295965e+00   1.9760551e+00   2.0153075e+00
   1.4025078e+00   1.4570528e+00   1.4907516e+00   1.5387905e+00   1.5913056e+00   1.6140484e+00   1.6615344e+00   1.6858490e+00   1.7237141e+00   1.7716597e+00   1.8203062e+00   1.8421090e+00   1.8783154e+00   1.9121562e+00   1.9542511e+00   2.0113683e+00
   1.4023913e+00   1.4572593e+00   1.4823387e+00   1.5529155e+00   1.5654153e+00   1.6184017e+00   1.6483024e+00   1.6908541e+00   1.7371568e+00   1.7891750e+00   1.8176397e+00   1.8367495e+00   1.8910571e+00   1.9467215e+00   1.9883385e+00   1.9965413e+00
   1.4028031e+00   1.4420427e+00   1.5090596e+00   1.5363756e+00   1.5981986e+00   1.6253862e+00   1.6768992e+00   1.7203433e+00   1.7310317e+00   1.7891647e+00   1.8289282e+00   1.8588880e+00   1.9039530e+00   1.9248238e+00   1.9844996e+00   1.9930549e+00
   1.4180849e+00   1.4465366e+00   1.4948109e+00   1.5355307e+00   1.5703820e+00   1.6397966e+00   1.6749198e+00   1.7023593e+00   1.7291172e+00   1.7701035e+00   1.8329149e+00   1.8676140e+00   1.8913263e+00   1.9248244e+00   1.9772313e+00   2.0098700e+00
   1.4132075e+00   1.4467175e+00   1.5162559e+00   1.5310545e+00   1.6024568e+00   1.6214288e+00   1.6600394e+00   1.7137524e+00   1.7617540e+00   1.7850021e+00   1.8388564e+00   1.8547934e+00   1.9068364e+00   1.9402574e+00   1.9716118e+00   2.0281760e+00
   1.4122778e+00   1.4493922e+00   1.5096367e+00   1.5409865e+00   1.5798422e+00   1.6295848e+00   1.6736016e+00   1.7032586e+00   1.7320211e+00   1.7748606e+00   1.8307326e+00   1.8639620e+00   1.8844426e+00   1.9262633e+00   1.9761770e+00   2.0216569e+00
   1.4162805e+00   1.4475873e+00   1.4992935e+00   1.5374851e+00   1.5824400e+00   1.6288089e+00   1.6764331e+00   1.7179099e+00   1.7347157e+00   1.7736342e+00   1.8112190e+00   1.8780958e+00   1.9021111e+00   1.9215884e+00   1.9739084e+00   1.9981831e+00
   1.4225141e+00   1.4698437e+00   1.5125549e+00   1.5658252e+00   1.6050950e+00   1.6336086e+00   1.6883462e+00   1.7286784e+00   1.7577190e+00   1.7916139e+00   1.8389656e+00   1.8612403e+00   1.9094017e+00   1.9302681e+00   1.9581673e+00   1.9955645e+00
   1.4118258e+00   1.4596430e+00   1.5077593e+00   1.5644226e+00   1.5956360e+00   1.6439755e+00   1.6831247e+00   1.7099648e+00   1.7585622e+00   1.7941712e+00   1.8179309e+00   1.8539217e+00   1.9191452e+00   1.9293069e+00   1.9604572e+00   2.0351044e+00
   1.4100587e+00   1.4549698e+00   1.5185473e+00   1.5695958e+00   1.6004591e+00   1.6515709e+00   1.6745121e+00   1.7076239e+00   1.7515646e+00   1.7869013e+00   1.8318768e+00   1.8502775e+00   1.9042830e+00   1.9514571e+00   1.9676444e+00   2.0322944e+00
   1.4356331e+00   1.4750623e+00   1.5290723e+00   1.5596207e+00   1.6101863e+00   1.6503713e+00   1.6764294e+00   1.7018784e+00   1.7596471e+00   1.7981455e+00   1.8265418e+00   1.8547750e+00   1.9182811e+00   1.9369488e+00   1.9586861e+00   2.0146444e+00
   1.4155368e+00   1.4713841e+00   1.5181716e+00   1.5463282e+00   1.6091724e+00   1.6325803e+00   1.6867546e+00   1.7321307e+00   1.7514386e+00   1.7913038e+00   1.8389094e+00   1.8636237e+00   1.8949785e+00   1.9539106e+00   1.9983930e+00   2.0204072e+00
   1.4146319e+00   1.4763718e+00   1.5302088e+00   1.5580273e+00   1.6187797e+00   1.6409684e+00   1.6922584e+00   1.7207562e+00   1.7507712e+00   1.8024846e+00   1.8341735e+00   1.8853619e+00   1.9225755e+00   1.9423119e+00   1.9972948e+00   2.0090436e+00
   1.4409212e+00   1.4797594e+00   1.5128343e+00   1.5709311e+00   1.5903074e+00   1.6295534e+00   1.6770641e+00   1.7344114e+00   1.7727748e+00   1.8111413e+00   1.8455088e+00   1.8791248e+00   1.8990229e+00   1.9371195e+00   1.9744432e+00   2.0043803e+00
   1.4437807e+00   1.4807575e+00   1.5201128e+00   1.5525820e+00   1.5927331e+00   1.6434800e+00   1.6745257e+00   1.7367963e+00   1.7676939e+00   1.8096442e+00   1.8508455e+00   1.8748839e+00   1.9163456e+00   1.9542065e+00   1.9900829e+00   2.0288807e+00
   1.4283805e+00   1.4920009e+00   1.5267674e+00   1.5515395e+00   1.6180610e+00   1.6493940e+00   1.6778022e+00   1.7123869e+00   1.7705213e+00   1.8092906e+00   1.8493182e+00   1.8663616e+00   1.8975941e+00   1.9630416e+00   1.9664923e+00   2.0022976e+00
   1.4483794e+00   1.4889610e+00   1.5135724e+00   1.5570809e+00   1.6018966e+00   1.6353100e+00   1.7055821e+00   1.7273586e+00   1.7782581e+00   1.7876021e+00   1.8335073e+00   1.8739488e+00   1.9175849e+00   1.9540266e+00   1.9682709e+00   2.0157238e+00
   1.4293376e+00   1.4986062e+00   1.5254189e+00   1.5768379e+00   1.6214316e+00   1.6414637e+00   1.6792458e+00   1.7128398e+00   1.7629471e+00   1.8021804e+00   1.8289652e+00   1.8735457e+00   1.9213268e+00   1.9338485e+00   1.9966521e+00   2.0274969e+00
   1.4485561e+00   1.5006649e+00   1.5328071e+00   1.5773006e+00   1.6303030e+00   1.6640106e+00   1.7031819e+00   1.7330817e+00   1.7824527e+00   1.8074655e+00   1.8317026e+00   1.8634248e+00   1.9153811e+00   1.9398495e+00   1.9807409e+00   2.0114823e+00
   1.4328155e+00   1.4773452e+00   1.5242271e+00   1.5876001e+00   1.6273359e+00   1.6545759e+00   1.6827517e+00   1.7336599e+00   1.7669424e+00   1.8158297e+00   1.8357262e+00   1.8759085e+00   1.9119508e+00   1.9383285e+00   1.9678964e+00   2.0186831e+00
   1.4314568e+00   1.4924339e+00   1.5358952e+00   1.5922823e+00   1.6097329e+00   1.6441490e+00   1.6880661e+00   1.7423575e+00   1.7591419e+00   1.7999161e+00   1.8542320e+00   1.8652713e+00   1.9010883e+00   1.9656925e+00   1.9796585e+00   2.0431859e+00
   1.4478171e+00   1.4908434e+00   1.5245341e+00   1.5659348e+00   1.6232132e+00   1.6644964e+00   1.6918406e+00   1.7370494e+00   1.7669662e+00   1.8034080e+00   1.8484064e+00   1.8857180e+00   1.9334141e+00   1.9611360e+00   2.0062855e+00   2.0382837e+00
   1.4570498e+00   1.4816404e+00   1.5274582e+00   1.5696841e+00   1.6169551e+00   1.6455375e+00   1.6990141e+00   1.7379785e+00   1.7577745e+00   1.8211026e+00   1.8449899e+00   1.8811176e+00   1.9120794e+00   1.9427103e+00   1.9900023e+00   2.0116686e+00
   1.4505442e+00   1.5050738e+00   1.5500166e+00   1.5848061e+00   1.6252393e+00   1.6772414e+00   1.7088975e+00   1.7355776e+00   1.7752861e+00   1.8168652e+00   1.8577416e+00   1.8668002e+00   1.8999437e+00   1.9403684e+00   1.9903347e+00   2.0089781e+00
   1.4419902e+00   1.4957430e+00   1.5454470e+00   1.5745442e+00   1.6158323e+00   1.6591961e+00   1.6991999e+00   1.7490340e+00   1.7850070e+00   1.8312522e+00   1.8512405e+00   1.8789677e+00   1.9099796e+00   1.9499912e+00   1.9698469e+00   2.0168093e+00
   1.4625107e+00   1.4923900e+00   1.5549632e+00   1.5842842e+00   1.6195826e+00   1.6648721e+00   1.7153017e+00   1.7388954e+00   1.7877519e+00   1.8225084e+00   1.8610429e+00   1.8928851e+00   1.9029943e+00   1.9409278e+00   1.9911514e+00   2.0341857e+00
   1.4444322e+00   1.5060293e+00   1.5390849e+00   1.5991783e+00   1.6174901e+00   1.6720650e+00   1.7194411e+00   1.7586906e+00   1.7647428e+00   1.8163355e+00   1.8396407e+00   1.8935529e+00   1.9198344e+00   1.9541957e+00   1.9948656e+00   2.0152751e+00
   1.4530457e+00   1.4894162e+00   1.5561184e+00   1.5992836e+00   1.6307167e+00   1.6664964e+00   1.7051009e+00   1.7580744e+00   1.7661584e+00   1.8112968e+00   1.8400127e+00   1.8797984e+00   1.9316377e+00   1.9711704e+00   1.9734429e+00   2.0476514e+00
   1.4505785e+00   1.4982457e+00   1.5498441e+00   1.5884983e+00   1.6347455e+00   1.6665423e+00   1.7101353e+00   1.7456528e+00   1.7975950e+00   1.8242148e+00   1.8611913e+00   1.8710040e+00   1.9150298e+00   1.9695122e+00   2.0097500e+00   2.0477708e+00
   1.4690816e+00   1.5170990e+00   1.5493045e+00   1.5814710e+00   1.6229153e+00   1.6745861e+00   1.7022574e+00   1.7548845e+00   1.7752575e+00   1.8172802e+00   1.8474161e+00   1.8943087e+00   1.9122766e+00   1.9630981e+00   1.9744296e+00   2.0376807e+00
   1.4768216e+00   1.5183494e+00   1.5613723e+00   1.5886299e+00   1.6411682e+00   1.6692027e+00   1.7125498e+00   1.7450763e+00   1.7904687e+00   1.8347679e+00   1.8545568e+00   1.8929981e+00   1.9405190e+00   1.9623391e+00   1.9757167e+00   2.0369884e+00
   1.4642949e+00   1.5149106e+00   1.5687268e+00   1.5877895e+00   1.6454750e+00   1.6876021e+00   1.7262245e+00   1.7466881e+00   1.7729981e+00   1.8266158e+00   1.8583861e+00   1.9010209e+00   1.9210987e+00   1.9608279e+00   1.9981545e+00   2.0249552e+00
   1.4566358e+00   1.5155306e+00   1.5650022e+00   1.6089903e+00   1.6307385e+00   1.6809467e+00   1.7021623e+00   1.7678783e+00   1.8061804e+00   1.8071440e+00   1.8515434e+00   1.9027482e+00   1.9110246e+00   1.9700756e+00   1.9833268e+00   2.0203820e+00
   1.4541570e+00   1.5169101e+00   1.5549739e+00   1.5982706e+00   1.6294129e+00   1.6782858e+00   1.7183233e+00   1.7454852e+00   1.7826132e+00   1.8333114e+00   1.8489888e+00   1.9067827e+00   1.9176101e+00   1.9461912e+00   2.0052366e+00   2.0479372e+00
   1.4690099e+00   1.5011269e+00   1.5593794e+00   1.6018398e+00   1.6490016e+00   1.6659567e+00   1.7229127e+00   1.7623690e+00   1.8040328e+00   1.8239402e+00   1.8664236e+00   1.8869768e+00   1.9131490e+00   1.9467343e+00   2.0147631e+00   2.0311131e+00
   1.4667689e+00   1.5026466e+00   1.5587501e+00   1.5871103e+00   1.6577210e+00   1.6736435e+00   1.7130664e+00   1.7425893e+00   1.7844097e+00   1.8352593e+00   1.8532039e+00   1.8901042e+00   1.9277147e+00   1.9504650e+00   2.0030962e+00   2.0332526e+00
   1.4638054e+00   1.5168589e+00   1.5496411e+00   1.6135017e+00   1.6423319e+00   1.6686819e+00   1.7230321e+00   1.7560826e+00   1.7764470e+00   1.8315525e+00   1.8707180e+00   1.8957901e+00   1.9204273e+00   1.9547824e+00   2.0077739e+00   2.0263425e+00
   1.4686069e+00   1.5358834e+00   1.5492085e+00   1.6094295e+00   1.6418404e+00   1.6788171e+00   1.7254829e+00   1.7694612e+00   1.8104126e+00   1.8335385e+00   1.8775629e+00   1.8893608e+00   1.9221136e+00   1.9818073e+00   1.9959280e+00   2.0432383e+00
   1.4657785e+00   1.5361016e+00   1.5571312e+00   1.6038990e+00   1.6406365e+00   1.6953068e+00   1.7303333e+00   1.7683684e+00   1.7908965e+00   1.8384271e+00   1.8574325e+00   1.8988835e+00   1.9235000e+00   1.9473800e+00   2.0133073e+00   2.0353132e+00
   1.4652969e+00   1.5240393e+00   1.5731321e+00   1.6042277e+00   1.6355617e+00   1.6998608e+00   1.7195976e+00   1.7536783e+00   1.7964207e+00   1.8385465e+00   1.8785294e+00   1.8984757e+00   1.9138828e+00   1.9688845e+00   2.0076889e+00   2.0147276e+00
   1.4681006e+00   1.5170636e+00   1.5706128e+00   1.6264427e+00   1.6519666e+00   1.6786778e+00   1.7172177e+00   1.7514545e+00   1.8082884e+00   1.8472468e+00   1.8600517e+00   1.9065158e+00   1.9183220e+00   1.9689695e+00   2.0130682e+00   2.0436011e+00
   1.4681605e+00   1.5150950e+00   1.5574271e+00   1.6258947e+00   1.6578735e+00   1.7050977e+00   1.7240001e+00   1.7507920e+00   1.7924029e+00   1.8311253e+00   1.8682221e+00   1.9110917e+00   1.9192545e+00   1.9736378e+00   2.0173778e+00   2.0274475e+00
   1.4897889e+00   1.5183640e+00   1.5851136e+00   1.6191833e+00   1.6546889e+00   1.6964004e+00   1.7359424e+00   1.7629659e+00   1.8002004e+00   1.8527138e+00   1.8550086e+00   1.8991195e+00   1.9225653e+00   1.9625450e+00   1.9851725e+00   2.0474256e+00
   1.4714078e+00   1.5317072e+00   1.5810565e+00   1.6209575e+00   1.6679134e+00   1.7051827e+00   1.7222623e+00   1.7656027e+00   1.7867585e+00   1.8337555e+00   1.8812124e+00   1.9057793e+00   1.9325806e+00   1.9506841e+00   1.9825433e+00   2.0419025e+00
   1.5016332e+00   1.5263058e+00   1.5693701e+00   1.6200766e+00   1.6479210e+00   1.7027250e+00   1.7250693e+00   1.7690885e+00   1.8076243e+00   1.8442546e+00   1.8620160e+00   1.9141419e+00   1.9363371e+00   1.9563836e+00   1.9824958e+00   2.0264765e+00
   1.4823945e+00   1.5246950e+00   1.5799464e+00   1.6062611e+00   1.6671391e+00   1.6890539e+00   1.7244261e+00   1.7576245e+00   1.8010462e+00   1.8524171e+00   1.8797226e+00   1.8988430e+00   1.9468131e+00   1.9674381e+00   2.0008625e+00   2.0371867e+00
