   0.0000000e+00   0.0000000e+00   0.0000000e+00   0.0000000e+00   0.0000000e+00   0.0000000e+00   0.0000000e+00   0.0000000e+00   0.0000000e+00   0.0000000e+00   0.0000000e+00   0.0000000e+00   0.0000000e+00   0.0000000e+00   0.0000000e+00   0.0000000e+00
   9.0912436e-03   9.7179858e-03   1.0387935e-02   1.1104070e-02   1.1869575e-02   1.2687852e-02   1.3562542e-02   1.4497531e-02   1.5496978e-02   1.6565326e-02   1.7707325e-02   1.8928052e-02   2.0232935e-02   2.1627775e-02   2.3118775e-02   4.9796174e-02
   1.8159644e-02   1.9405009e-02   2.0739293e-02   2.2165065e-02   2.3688562e-02   2.5316439e-02   2.7055800e-02   2.8914226e-02   3.0899802e-02   3.3021158e-02   3.5287496e-02   3.7708632e-02   4.0295030e-02   4.3057850e-02   5.5446799e-02   8.8939430e-02
   2.7219605e-02   2.9062162e-02   3.1053932e-02   3.3182843e-02   3.5456824e-02   3.7885632e-02   4.0479668e-02   4.3250006e-02   4.6208441e-02   4.9367531e-02   5.2740640e-02   5.6341989e-02   6.0186701e-02   6.7841874e-02   8.5864991e-02   1.2503434e-01
   3.6258570e-02   3.8695077e-02   4.1332174e-02   4.4157264e-02   4.7174224e-02   5.0395308e-02   5.3834040e-02   5.7504800e-02   6.1422871e-02   6.5604488e-02   7.0066893e-02   7.4828385e-02   8.1244461e-02   9.2636997e-02   1.1594758e-01   1.5854666e-01
   4.5281364e-02   4.8300516e-02   5.1576164e-02   5.5088363e-02   5.8840632e-02   6.2845348e-02   6.7118820e-02   7.1678544e-02   7.6543075e-02   8.1732081e-02   8.7266402e-02   9.3670803e-02   1.0252790e-01   1.1774722e-01   1.4498345e-01   1.9035346e-01
   5.4283261e-02   5.7880318e-02   6.1785218e-02   6.5976908e-02   7.0455984e-02   7.5235635e-02   8.0333914e-02   8.5771179e-02   9.1569045e-02   9.7750374e-02   1.0452847e-01   1.1263519e-01   1.2411743e-01   1.4262310e-01   1.7324921e-01   2.2072341e-01
   6.3265655e-02   6.7432891e-02   7.1960148e-02   7.6822802e-02   8.2020510e-02   8.7566083e-02   9.3479235e-02   9.9782653e-02   1.0650078e-01   1.1373060e-01   1.2181024e-01   1.3176731e-01   1.4573733e-01   1.6726893e-01   2.0070450e-01   2.4992485e-01
   7.2226531e-02   7.6958680e-02   8.2100519e-02   8.7626415e-02   9.3534196e-02   9.9836726e-02   1.0655471e-01   1.1371292e-01   1.2136507e-01   1.2967368e-01   1.3914549e-01   1.5095820e-01   1.6734100e-01   1.9156680e-01   2.2744234e-01   2.7810664e-01
   8.1166102e-02   8.6456871e-02   9.2206530e-02   9.8387666e-02   1.0499719e-01   1.1204754e-01   1.1956031e-01   1.2757202e-01   1.3616865e-01   1.4560262e-01   1.5650164e-01   1.7017709e-01   1.8883199e-01   2.1550626e-01   2.5349635e-01   3.0539482e-01
   9.0083368e-02   9.5927423e-02   1.0227789e-01   1.0910667e-01   1.1640949e-01   1.2419856e-01   1.3249981e-01   1.4136489e-01   1.5092558e-01   1.6151320e-01   1.7386800e-01   1.8936812e-01   2.1017193e-01   2.3906120e-01   2.7891795e-01   3.3187907e-01
   9.8978158e-02   1.0536984e-01   1.1231456e-01   1.1978334e-01   1.2777115e-01   1.3629121e-01   1.4537598e-01   1.5509942e-01   1.6563950e-01   1.7740567e-01   1.9121940e-01   2.0849952e-01   2.3132086e-01   2.6223036e-01   3.0374318e-01   3.5763358e-01
   1.0784988e-01   1.1478392e-01   1.2231632e-01   1.3041766e-01   1.3908269e-01   1.4832692e-01   1.5819299e-01   1.6877994e-01   1.8031435e-01   1.9327201e-01   2.0853798e-01   2.2753923e-01   2.5225685e-01   2.8501195e-01   3.2800799e-01   3.8271727e-01
   1.1669824e-01   1.2416930e-01   1.3228301e-01   1.4100974e-01   1.5034476e-01   1.6030777e-01   1.7095401e-01   1.8241051e-01   1.9494966e-01   2.0910504e-01   2.2580439e-01   2.4646465e-01   2.7296197e-01   3.0741083e-01   3.5174235e-01   4.0717969e-01
   1.2552283e-01   1.3352575e-01   1.4221452e-01   1.5155979e-01   1.6155835e-01   1.7223571e-01   1.8366213e-01   1.9599314e-01   2.0954419e-01   2.2489560e-01   2.4300283e-01   2.6525637e-01   2.9342530e-01   3.2943269e-01   3.7497381e-01   4.3106240e-01
   1.3432335e-01   1.4285299e-01   1.5211081e-01   1.6206820e-01   1.7272451e-01   1.8411275e-01   1.9631957e-01   2.0952901e-01   2.2409491e-01   2.4063508e-01   2.6011876e-01   2.8389972e-01   3.1363906e-01   3.5108512e-01   3.9772665e-01   4.5440119e-01
   1.4309948e-01   1.5215083e-01   1.6197190e-01   1.7253543e-01   1.8384439e-01   1.9594060e-01   2.0892805e-01   2.2301809e-01   2.3859832e-01   2.5631481e-01   2.7713995e-01   3.0238280e-01   3.3359876e-01   3.7237613e-01   4.2002291e-01   4.7722706e-01
   1.5185095e-01   1.6141913e-01   1.7179792e-01   1.8296205e-01   1.9491910e-01   2.0772076e-01   2.2148865e-01   2.3645970e-01   2.5305030e-01   2.7192681e-01   2.9405575e-01   3.2069650e-01   3.5330187e-01   3.9331422e-01   4.4188248e-01   4.9956728e-01
   1.6057754e-01   1.7065778e-01   1.8158903e-01   1.9334864e-01   2.0594966e-01   2.1945439e-01   2.3400191e-01   2.4985255e-01   2.6744660e-01   2.8746360e-01   3.1085719e-01   3.3883369e-01   3.7274755e-01   4.1390794e-01   4.6332350e-01   5.2144598e-01
   1.6927904e-01   1.7986673e-01   1.9134547e-01   2.0369581e-01   2.1693699e-01   2.3114239e-01   2.4646793e-01   2.6319493e-01   2.8178292e-01   3.0291842e-01   3.2753663e-01   3.5678897e-01   3.9193613e-01   4.3416580e-01   4.8436255e-01   5.4288476e-01
   1.7795530e-01   1.8904601e-01   2.0106751e-01   2.1400414e-01   2.2788189e-01   2.4278535e-01   2.5888641e-01   2.7648483e-01   2.9605502e-01   3.1828516e-01   3.4408766e-01   3.7455831e-01   4.1086888e-01   4.5409620e-01   5.0501488e-01   5.6390304e-01
   1.8660619e-01   1.9819563e-01   2.1075543e-01   2.2427415e-01   2.3878496e-01   2.5438359e-01   2.7125676e-01   2.8972007e-01   3.1025883e-01   3.3355835e-01   3.6050496e-01   3.9213883e-01   4.2954773e-01   4.7370734e-01   5.2529454e-01   5.8451846e-01
   1.9523162e-01   2.0731569e-01   2.2040951e-01   2.3450632e-01   2.4964669e-01   2.6593720e-01   2.8357813e-01   3.0289839e-01   3.2439052e-01   3.4873316e-01   3.7678410e-01   4.0952855e-01   4.4797514e-01   4.9300716e-01   5.4521458e-01   6.0474707e-01
   2.0383154e-01   2.1640625e-01   2.3003002e-01   2.4470105e-01   2.6046741e-01   2.7744607e-01   2.9584951e-01   3.1601746e-01   3.3844648e-01   3.6380531e-01   3.9292146e-01   4.2672626e-01   4.6615394e-01   5.1200339e-01   5.6478710e-01   6.2460361e-01
   2.1240588e-01   2.2546743e-01   2.3961722e-01   2.5485865e-01   2.7124730e-01   2.8890990e-01   3.0806972e-01   3.2907499e-01   3.5242336e-01   3.7877106e-01   4.0891412e-01   4.4373140e-01   4.8408726e-01   5.3070346e-01   5.8402340e-01   6.4410162e-01
   2.2095463e-01   2.3449933e-01   2.4917133e-01   2.6497938e-01   2.8198641e-01   3.0032826e-01   3.2023752e-01   3.4206873e-01   3.6631810e-01   3.9362717e-01   4.2475975e-01   4.6054388e-01   5.0177842e-01   5.4911458e-01   6.0293405e-01   6.6325365e-01
   2.2947776e-01   2.4350203e-01   2.5869252e-01   2.7506340e-01   2.9268469e-01   3.1170060e-01   3.3235159e-01   3.5499653e-01   3.8012789e-01   4.0837083e-01   4.4045656e-01   4.7716407e-01   5.1923089e-01   5.6724366e-01   6.2152898e-01   6.8207134e-01
   2.3797527e-01   2.5247564e-01   2.6818094e-01   2.8511078e-01   3.0334197e-01   3.2302625e-01   3.4441060e-01   3.6785630e-01   3.9385020e-01   4.2299962e-01   4.5600319e-01   4.9359269e-01   5.3644823e-01   5.8509740e-01   6.3981750e-01   7.0056556e-01
   2.4644714e-01   2.6142021e-01   2.7763669e-01   2.9512154e-01   3.1395801e-01   3.3430451e-01   3.5641319e-01   3.8064609e-01   4.0748271e-01   4.3751152e-01   4.7139870e-01   5.0983074e-01   5.5343408e-01   6.0268221e-01   6.5780842e-01   7.1874644e-01
   2.5489337e-01   2.7033580e-01   2.8705982e-01   3.0509564e-01   3.2453246e-01   3.4553459e-01   3.6835804e-01   3.9336407e-01   4.2102339e-01   4.5190481e-01   4.8664244e-01   5.2587946e-01   5.7019209e-01   6.2000430e-01   6.7551005e-01   7.3662349e-01
   2.6331394e-01   2.7922243e-01   2.9645034e-01   3.1503294e-01   3.3506496e-01   3.5671568e-01   3.8024385e-01   4.0600851e-01   4.3447040e-01   4.6617808e-01   5.0173411e-01   5.4174030e-01   5.8672594e-01   6.3706964e-01   6.9293026e-01   7.5420566e-01
   2.7170883e-01   2.8808012e-01   3.0580823e-01   3.2493329e-01   3.4555504e-01   3.6784695e-01   3.9206934e-01   4.1857783e-01   4.4782213e-01   4.8033017e-01   5.1667364e-01   5.5741485e-01   6.0303927e-01   6.5388398e-01   7.1007652e-01   7.7150138e-01
   2.8007800e-01   2.9690884e-01   3.1513341e-01   3.3479645e-01   3.5600222e-01   3.7892756e-01   4.0383331e-01   4.3107055e-01   4.6107716e-01   4.9436018e-01   5.3146118e-01   5.7290484e-01   6.1913573e-01   6.7045287e-01   7.2695593e-01   7.8851861e-01
   2.8842142e-01   3.0570855e-01   3.2442578e-01   3.4462218e-01   3.6640599e-01   3.8995666e-01   4.1553458e-01   4.4348534e-01   4.7423425e-01   5.0826742e-01   5.4609707e-01   5.8821212e-01   6.3501892e-01   6.8678167e-01   7.4357524e-01   8.0526489e-01
   2.9673901e-01   3.1447918e-01   3.3368520e-01   3.5441017e-01   3.7676581e-01   4.0093342e-01   4.2717206e-01   4.5582096e-01   4.8729234e-01   5.2205138e-01   5.6058183e-01   6.0333861e-01   6.5069240e-01   7.0287553e-01   7.5994091e-01   8.2174738e-01
   3.0503073e-01   3.2322065e-01   3.4291150e-01   3.6416009e-01   3.8708112e-01   4.1185701e-01   4.3874470e-01   4.6807632e-01   5.0025054e-01   5.3571174e-01   5.7491613e-01   6.1828630e-01   6.6615969e-01   7.1873946e-01   7.7605909e-01   8.3797287e-01
   3.1329648e-01   3.3193284e-01   3.5210447e-01   3.7387159e-01   3.9735135e-01   4.2272665e-01   4.5025154e-01   4.8025042e-01   5.1310807e-01   5.4924833e-01   5.8910073e-01   6.3305723e-01   6.8142423e-01   7.3437826e-01   7.9193567e-01   8.5394784e-01
   3.2153618e-01   3.4061562e-01   3.6126389e-01   3.8354430e-01   4.0757593e-01   4.3354155e-01   4.6169165e-01   4.9234235e-01   5.2586433e-01   5.6266113e-01   6.0313654e-01   6.4765348e-01   6.9648945e-01   7.4979659e-01   8.0757628e-01   8.6967846e-01
   3.2974971e-01   3.4926884e-01   3.7038953e-01   3.9317783e-01   4.1775430e-01   4.4430097e-01   4.7306420e-01   5.0435134e-01   5.3851882e-01   5.7595022e-01   6.1702454e-01   6.6207718e-01   7.1135867e-01   7.6499896e-01   8.2298632e-01   8.8517063e-01
   3.3793695e-01   3.5789232e-01   3.7948112e-01   4.0277177e-01   4.2788589e-01   4.5500420e-01   4.8436840e-01   5.1627669e-01   5.5107115e-01   5.8911581e-01   6.3076579e-01   6.7633044e-01   7.2603518e-01   7.7998973e-01   8.3817100e-01   9.0042998e-01
   3.4609778e-01   3.6648590e-01   3.8853837e-01   4.1232572e-01   4.3797014e-01   4.6565056e-01   4.9560353e-01   5.2811778e-01   5.6352106e-01   6.0215821e-01   6.4436144e-01   6.9041541e-01   7.4052221e-01   7.9477310e-01   8.5313529e-01   9.1546191e-01
   3.5423206e-01   3.7504935e-01   3.9756100e-01   4.2183927e-01   4.4800651e-01   4.7623941e-01   5.0676894e-01   5.3987412e-01   5.7586836e-01   6.1507781e-01   6.5781266e-01   7.0433425e-01   7.5482291e-01   8.0935318e-01   8.6788398e-01   9.3027160e-01
   3.6233962e-01   3.8358248e-01   4.0654872e-01   4.3131201e-01   4.5799448e-01   4.8677015e-01   5.1786405e-01   5.5154525e-01   5.8811296e-01   6.2787510e-01   6.7112071e-01   7.1808909e-01   7.6894038e-01   8.2373392e-01   8.8242169e-01   9.4486402e-01
   3.7042031e-01   3.9208507e-01   4.1550120e-01   4.4074352e-01   4.6793353e-01   4.9724221e-01   5.2888830e-01   5.6313082e-01   6.0025487e-01   6.4055062e-01   6.8428687e-01   7.3168209e-01   7.8287764e-01   8.3791915e-01   8.9675288e-01   9.5924394e-01
   3.7847396e-01   4.0055688e-01   4.2441815e-01   4.5013339e-01   4.7782318e-01   5.0765505e-01   5.3984122e-01   5.7463054e-01   6.1229415e-01   6.5310498e-01   6.9731245e-01   7.4511537e-01   7.9663768e-01   8.5191260e-01   9.1088183e-01   9.7341596e-01
   3.8650039e-01   4.0899767e-01   4.3329924e-01   4.5948123e-01   4.8766294e-01   5.1800819e-01   5.5072240e-01   5.8604417e-01   6.2423093e-01   6.6553886e-01   7.1019881e-01   7.5839107e-01   8.1022339e-01   8.6571788e-01   9.2481268e-01   9.8738450e-01
   3.9449942e-01   4.1740721e-01   4.4214415e-01   4.6878665e-01   4.9745238e-01   5.2830117e-01   5.6153145e-01   5.9737157e-01   6.3606541e-01   6.7785296e-01   7.2294732e-01   7.7151128e-01   8.2363763e-01   8.7933851e-01   9.3854943e-01   1.0011538e+00
   4.0247085e-01   4.2578524e-01   4.5095258e-01   4.7804925e-01   5.0719107e-01   5.3853357e-01   5.7226806e-01   6.0861262e-01   6.4779786e-01   6.9004806e-01   7.3555936e-01   7.8447809e-01   8.3688319e-01   8.9277789e-01   9.5209596e-01   1.0147280e+00
   4.1041449e-01   4.3413152e-01   4.5972420e-01   4.8726867e-01   5.1687859e-01   5.4870500e-01   5.8293194e-01   6.1976728e-01   6.5942859e-01   7.0212496e-01   7.4803635e-01   7.9729359e-01   8.4996280e-01   9.0603932e-01   9.6545599e-01   1.0281111e+00
   4.1833014e-01   4.4244578e-01   4.6845871e-01   4.9644454e-01   5.2651456e-01   5.5881512e-01   5.9352288e-01   6.3083555e-01   6.7095794e-01   7.1408449e-01   7.6037970e-01   8.0995980e-01   8.6287913e-01   9.1912603e-01   9.7863316e-01   1.0413069e+00
   4.2621759e-01   4.5072779e-01   4.7715580e-01   5.0557652e-01   5.3609863e-01   5.6886361e-01   6.0404069e-01   6.4181747e-01   6.8238633e-01   7.2592752e-01   7.7259083e-01   8.2247877e-01   8.7563479e-01   9.3204116e-01   9.9163098e-01   1.0543190e+00
   4.3407665e-01   4.5897728e-01   4.8581517e-01   5.1466427e-01   5.4563046e-01   5.7885020e-01   6.1448522e-01   6.5271315e-01   6.9371420e-01   7.3765495e-01   7.8467118e-01   8.3485249e-01   8.8823235e-01   9.4478773e-01   1.0044528e+00   1.0671512e+00
   4.4190711e-01   4.6719400e-01   4.9443652e-01   5.2370747e-01   5.5510974e-01   5.8877463e-01   6.2485636e-01   6.6352271e-01   7.0494201e-01   7.4926769e-01   7.9662216e-01   8.4708294e-01   9.0067431e-01   9.5736872e-01   1.0171020e+00   1.0798068e+00
   4.4970875e-01   4.7537771e-01   5.0301957e-01   5.3270582e-01   5.6453618e-01   5.9863669e-01   6.3515406e-01   6.7424633e-01   7.1607029e-01   7.6076668e-01   8.0844522e-01   8.5917208e-01   9.1296314e-01   9.6978702e-01   1.0295818e+00   1.0922893e+00
   4.5748138e-01   4.8352815e-01   5.1156405e-01   5.4165902e-01   5.7390950e-01   6.0843619e-01   6.4537827e-01   6.8488422e-01   7.2709957e-01   7.7215288e-01   8.2014179e-01   8.7112182e-01   9.2510122e-01   9.8204543e-01   1.0418951e+00   1.1046018e+00
   4.6522478e-01   4.9164509e-01   5.2006967e-01   5.5056680e-01   5.8322948e-01   6.1817297e-01   6.5552899e-01   6.9543661e-01   7.3803042e-01   7.8342725e-01   8.3171328e-01   8.8293408e-01   9.3709092e-01   9.9414669e-01   1.0540452e+00   1.1167476e+00
   4.7293875e-01   4.9972829e-01   5.2853619e-01   5.5942890e-01   5.9249587e-01   6.2784690e-01   6.6560626e-01   7.0590377e-01   7.4886343e-01   7.9459079e-01   8.4316112e-01   8.9461072e-01   9.4893454e-01   1.0060935e+00   1.0660348e+00   1.1287297e+00
   4.8062309e-01   5.0777752e-01   5.3696334e-01   5.6824508e-01   6.0170850e-01   6.3745788e-01   6.7561014e-01   7.1628601e-01   7.5959921e-01   8.0564446e-01   8.5448671e-01   9.0615359e-01   9.6063433e-01   1.0178884e+00   1.0778669e+00   1.1405511e+00
   4.8827759e-01   5.1579254e-01   5.4535090e-01   5.7701510e-01   6.1086716e-01   6.4700584e-01   6.8554071e-01   7.2658366e-01   7.7023839e-01   8.1658929e-01   8.6569148e-01   9.1756451e-01   9.7219250e-01   1.0295339e+00   1.0895442e+00   1.1522147e+00
   4.9590206e-01   5.2377314e-01   5.5369863e-01   5.8573876e-01   6.1997172e-01   6.5649071e-01   6.9539809e-01   7.3679705e-01   7.8078163e-01   8.2742626e-01   8.7677680e-01   9.2884527e-01   9.8361122e-01   1.0410326e+00   1.1010694e+00   1.1637233e+00
   5.0349630e-01   5.3171910e-01   5.6200631e-01   5.9441585e-01   6.2902202e-01   6.6591247e-01   7.0518242e-01   7.4692656e-01   7.9122959e-01   8.3815640e-01   8.8774407e-01   9.3999765e-01   9.9489261e-01   1.0523868e+00   1.1124452e+00   1.1750797e+00
   5.1106011e-01   5.3963021e-01   5.7027374e-01   6.0304619e-01   6.3801795e-01   6.7527112e-01   7.1489385e-01   7.5697259e-01   8.0158294e-01   8.4878072e-01   8.9859467e-01   9.5102337e-01   1.0060387e+00   1.0635990e+00   1.1236741e+00   1.1862864e+00
   5.1859331e-01   5.4750627e-01   5.7850071e-01   6.1162963e-01   6.4695942e-01   6.8456666e-01   7.2453259e-01   7.6693553e-01   8.1184239e-01   8.5930023e-01   9.0932995e-01   9.6192415e-01   1.0170516e+00   1.0746713e+00   1.1347585e+00   1.1973461e+00
   5.2609572e-01   5.5534709e-01   5.8668704e-01   6.2016599e-01   6.5584633e-01   6.9379914e-01   7.3409882e-01   7.7681584e-01   8.2200863e-01   8.6971594e-01   9.1995127e-01   9.7270169e-01   1.0279333e+00   1.0856061e+00   1.1457010e+00   1.2082614e+00
   5.3356715e-01   5.6315248e-01   5.9483255e-01   6.2865516e-01   6.6467862e-01   7.0296860e-01   7.4359277e-01   7.8661393e-01   8.3208238e-01   8.8002888e-01   9.3045997e-01   9.8335763e-01   1.0386857e+00   1.0964056e+00   1.1565038e+00   1.2190346e+00
   5.4100743e-01   5.7092227e-01   6.0293708e-01   6.3709699e-01   6.7345625e-01   7.1207512e-01   7.5301469e-01   7.9633029e-01   8.4206436e-01   8.9024006e-01   9.4085737e-01   9.9389361e-01   1.0493107e+00   1.1070718e+00   1.1671694e+00   1.2296681e+00
   5.4841638e-01   5.7865627e-01   6.1100048e-01   6.4549139e-01   6.8217920e-01   7.2111879e-01   7.6236482e-01   8.0596536e-01   8.5195528e-01   9.0035049e-01   9.5114480e-01   1.0043112e+00   1.0598103e+00   1.1176069e+00   1.1776998e+00   1.2401644e+00
   5.5579386e-01   5.8635433e-01   6.1902261e-01   6.5383826e-01   6.9084743e-01   7.3009973e-01   7.7164346e-01   8.1551966e-01   8.6175590e-01   9.1036119e-01   9.6132354e-01   1.0146121e+00   1.0701862e+00   1.1280130e+00   1.1880975e+00   1.2505256e+00
   5.6313968e-01   5.9401629e-01   6.2700332e-01   6.6213752e-01   6.9946096e-01   7.3901804e-01   7.8085088e-01   8.2499365e-01   8.7146693e-01   9.2027315e-01   9.7139488e-01   1.0247978e+00   1.0804402e+00   1.1382920e+00   1.1983644e+00   1.2607540e+00
   5.7045371e-01   6.0164201e-01   6.3494250e-01   6.7038909e-01   7.0801980e-01   7.4787388e-01   7.8998738e-01   8.3438786e-01   8.8108914e-01   9.3008739e-01   9.8136010e-01   1.0348698e+00   1.0905742e+00   1.1484459e+00   1.2085027e+00   1.2708517e+00
   5.7773579e-01   6.0923134e-01   6.4284004e-01   6.7859292e-01   7.1652398e-01   7.5666739e-01   7.9905329e-01   8.4370279e-01   8.9062325e-01   9.3980489e-01   9.9122045e-01   1.0448296e+00   1.1005898e+00   1.1584767e+00   1.2185144e+00   1.2808208e+00
   5.8498577e-01   6.1678416e-01   6.5069584e-01   6.8674897e-01   7.2497354e-01   7.6539875e-01   8.0804893e-01   8.5293898e-01   9.0007002e-01   9.4942665e-01   1.0009772e+00   1.0546787e+00   1.1104888e+00   1.1683861e+00   1.2284015e+00   1.2906635e+00
   5.9220353e-01   6.2430033e-01   6.5850981e-01   6.9485720e-01   7.3336855e-01   7.7406812e-01   8.1697463e-01   8.6209694e-01   9.0943020e-01   9.5895366e-01   1.0106315e+00   1.0644186e+00   1.1202728e+00   1.1781760e+00   1.2381660e+00   1.3003816e+00
   5.9938893e-01   6.3177975e-01   6.6628187e-01   7.0291760e-01   7.4170907e-01   7.8267571e-01   8.2583075e-01   8.7117721e-01   9.1870454e-01   9.6838690e-01   1.0201847e+00   1.0740507e+00   1.1299435e+00   1.1878483e+00   1.2478097e+00   1.3099773e+00
   6.0654184e-01   6.3922231e-01   6.7401194e-01   7.1093015e-01   7.4999518e-01   7.9122172e-01   8.3461764e-01   8.8018034e-01   9.2789378e-01   9.7772733e-01   1.0296378e+00   1.0835765e+00   1.1395024e+00   1.1974046e+00   1.2573346e+00   1.3194523e+00
   6.1366215e-01   6.4662790e-01   6.8169996e-01   7.1889486e-01   7.5822697e-01   7.9970636e-01   8.4333567e-01   8.8910688e-01   9.3699869e-01   9.8697593e-01   1.0389922e+00   1.0929973e+00   1.1489512e+00   1.2068468e+00   1.2667425e+00   1.3288086e+00
   6.2074974e-01   6.5399643e-01   6.8934589e-01   7.2681173e-01   7.6640455e-01   8.0812985e-01   8.5198522e-01   8.9795737e-01   9.4601999e-01   9.9613366e-01   1.0482489e+00   1.1023144e+00   1.1582914e+00   1.2161764e+00   1.2760351e+00   1.3380481e+00
   6.2780450e-01   6.6132783e-01   6.9694969e-01   7.3468080e-01   7.7452803e-01   8.1649244e-01   8.6056667e-01   9.0673237e-01   9.5495846e-01   1.0052015e+00   1.0574092e+00   1.1115293e+00   1.1675244e+00   1.2253952e+00   1.2852143e+00   1.3471724e+00
   6.3482634e-01   6.6862201e-01   7.0451131e-01   7.4250210e-01   7.8259754e-01   8.2479435e-01   8.6908040e-01   9.1543244e-01   9.6381482e-01   1.0141803e+00   1.0664741e+00   1.1206433e+00   1.1766519e+00   1.2345047e+00   1.2942816e+00   1.3561833e+00
   6.4181515e-01   6.7587890e-01   7.1203073e-01   7.5027565e-01   7.9061321e-01   8.3303585e-01   8.7752681e-01   9.2405814e-01   9.7258983e-01   1.0230711e+00   1.0754448e+00   1.1296576e+00   1.1856752e+00   1.2435066e+00   1.3032388e+00   1.3650826e+00
   6.4877085e-01   6.8309844e-01   7.1950794e-01   7.5800153e-01   7.9857519e-01   8.4121720e-01   8.8590630e-01   9.3261003e-01   9.8128423e-01   1.0318747e+00   1.0843225e+00   1.1385736e+00   1.1945957e+00   1.2524024e+00   1.3120874e+00   1.3738720e+00
   6.5569335e-01   6.9028058e-01   7.2694292e-01   7.6567978e-01   8.0648362e-01   8.4933866e-01   8.9421929e-01   9.4108869e-01   9.8989875e-01   1.0405922e+00   1.0931081e+00   1.1473925e+00   1.2034150e+00   1.2611936e+00   1.3208292e+00   1.3825530e+00
   6.6258258e-01   6.9742527e-01   7.3433569e-01   7.7331048e-01   8.1433866e-01   8.5740050e-01   9.0246617e-01   9.4949467e-01   9.9843413e-01   1.0492244e+00   1.1018028e+00   1.1561156e+00   1.2121344e+00   1.2698817e+00   1.3294657e+00   1.3911274e+00
   6.6943846e-01   7.0453246e-01   7.4168623e-01   7.8089370e-01   8.2214048e-01   8.6540302e-01   9.1064737e-01   9.5782854e-01   1.0068911e+00   1.0577721e+00   1.1104077e+00   1.1647440e+00   1.2207552e+00   1.2784682e+00   1.3379984e+00   1.3995965e+00
   6.7626092e-01   7.1160212e-01   7.4899458e-01   7.8842952e-01   8.2988926e-01   8.7334648e-01   9.1876330e-01   9.6609088e-01   1.0152704e+00   1.0662364e+00   1.1189238e+00   1.1732791e+00   1.2292787e+00   1.2869545e+00   1.3464288e+00   1.4079621e+00
   6.8304991e-01   7.1863423e-01   7.5626076e-01   7.9591804e-01   8.3758518e-01   8.8123120e-01   9.2681439e-01   9.7428225e-01   1.0235728e+00   1.0746181e+00   1.1273521e+00   1.1817219e+00   1.2377063e+00   1.2953420e+00   1.3547584e+00   1.4162256e+00
   6.8980536e-01   7.2562877e-01   7.6348478e-01   8.0335936e-01   8.4522843e-01   8.8905746e-01   9.3480107e-01   9.8240322e-01   1.0317989e+00   1.0829181e+00   1.1356937e+00   1.1900736e+00   1.2460393e+00   1.3036321e+00   1.3629886e+00   1.4243884e+00
   6.9652724e-01   7.3258571e-01   7.7066669e-01   8.1075359e-01   8.5281920e-01   8.9682556e-01   9.4272375e-01   9.9045435e-01   1.0399495e+00   1.0911372e+00   1.1439496e+00   1.1983354e+00   1.2542789e+00   1.3118261e+00   1.3711208e+00   1.4324521e+00
   7.0321549e-01   7.3950505e-01   7.7780654e-01   8.1810082e-01   8.6035769e-01   9.0453583e-01   9.5058288e-01   9.9843622e-01   1.0480253e+00   1.0992763e+00   1.1521208e+00   1.2065085e+00   1.2624264e+00   1.3199255e+00   1.3791565e+00   1.4404180e+00
   7.0987007e-01   7.4638678e-01   7.8490437e-01   8.2540120e-01   8.6784411e-01   9.1218856e-01   9.5837888e-01   1.0063494e+00   1.0560270e+00   1.1073362e+00   1.1602083e+00   1.2145939e+00   1.2704830e+00   1.3279314e+00   1.3870970e+00   1.4482875e+00
   7.1649096e-01   7.5323092e-01   7.9196023e-01   8.3265483e-01   8.7527868e-01   9.1978407e-01   9.6611220e-01   1.0141944e+00   1.0639553e+00   1.1153179e+00   1.1682130e+00   1.2225927e+00   1.2784498e+00   1.3358452e+00   1.3949437e+00   1.4560620e+00
   7.2307812e-01   7.6003747e-01   7.9897420e-01   8.3986186e-01   8.8266160e-01   9.2732269e-01   9.7378326e-01   1.0219719e+00   1.0718109e+00   1.1232220e+00   1.1761359e+00   1.2305060e+00   1.2863281e+00   1.3436681e+00   1.4026977e+00   1.4637429e+00
   7.2963152e-01   7.6680643e-01   8.0594633e-01   8.4702242e-01   8.8999311e-01   9.3480474e-01   9.8139250e-01   1.0296823e+00   1.0795945e+00   1.1310495e+00   1.1839780e+00   1.2383348e+00   1.2941190e+00   1.3514013e+00   1.4103605e+00   1.4713314e+00
   7.3615116e-01   7.7353785e-01   8.1287671e-01   8.5413664e-01   8.9727342e-01   9.4223053e-01   9.8894036e-01   1.0373263e+00   1.0873067e+00   1.1388011e+00   1.1917402e+00   1.2460803e+00   1.3018237e+00   1.3590461e+00   1.4179333e+00   1.4788288e+00
   7.4263701e-01   7.8023173e-01   8.1976540e-01   8.6120469e-01   9.0450278e-01   9.4960041e-01   9.9642729e-01   1.0449044e+00   1.0949484e+00   1.1464777e+00   1.1994234e+00   1.2537434e+00   1.3094433e+00   1.3666037e+00   1.4254173e+00   1.4862363e+00
   7.4908906e-01   7.8688811e-01   8.2661250e-01   8.6822670e-01   9.1168141e-01   9.5691470e-01   1.0038537e+00   1.0524172e+00   1.1025200e+00   1.1540801e+00   1.2070285e+00   1.2613252e+00   1.3169788e+00   1.3740752e+00   1.4328137e+00   1.4935553e+00
   7.5550732e-01   7.9350703e-01   8.3341809e-01   8.7520284e-01   9.1880955e-01   9.6417374e-01   1.0112201e+00   1.0598652e+00   1.1100224e+00   1.1616089e+00   1.2145565e+00   1.2688266e+00   1.3244314e+00   1.3814617e+00   1.4401237e+00   1.5007869e+00
   7.6189178e-01   8.0008852e-01   8.4018226e-01   8.8213327e-01   9.2588744e-01   9.7137786e-01   1.0185268e+00   1.0672489e+00   1.1174562e+00   1.1690651e+00   1.2220082e+00   1.2762486e+00   1.3318021e+00   1.3887644e+00   1.4473485e+00   1.5079324e+00
   7.6824244e-01   8.0663264e-01   8.4690512e-01   8.8901815e-01   9.3291534e-01   9.7852739e-01   1.0257744e+00   1.0745690e+00   1.1248220e+00   1.1764494e+00   1.2293844e+00   1.2835923e+00   1.3390920e+00   1.3959845e+00   1.4544892e+00   1.5149927e+00
   7.7455932e-01   8.1313942e-01   8.5358677e-01   8.9585766e-01   9.3989349e-01   9.8562268e-01   1.0329632e+00   1.0818259e+00   1.1321204e+00   1.1837626e+00   1.2366861e+00   1.2908584e+00   1.3463021e+00   1.4031229e+00   1.4615470e+00   1.5219692e+00
   7.8084242e-01   8.1960893e-01   8.6022732e-01   9.0265196e-01   9.4682213e-01   9.9266407e-01   1.0400937e+00   1.0890203e+00   1.1393523e+00   1.1910053e+00   1.2439141e+00   1.2980481e+00   1.3534333e+00   1.4101807e+00   1.4685230e+00   1.5288630e+00
   7.8709177e-01   8.2604122e-01   8.6682687e-01   9.0940124e-01   9.5370153e-01   9.9965190e-01   1.0471663e+00   1.0961525e+00   1.1465180e+00   1.1981784e+00   1.2510692e+00   1.3051622e+00   1.3604868e+00   1.4171590e+00   1.4754182e+00   1.5356751e+00
   7.9330739e-01   8.3243636e-01   8.7338555e-01   9.1610567e-01   9.6053194e-01   1.0065865e+00   1.0541815e+00   1.1032233e+00   1.1536184e+00   1.2052826e+00   1.2581523e+00   1.3122016e+00   1.3674635e+00   1.4240589e+00   1.4822337e+00   1.5424066e+00
   7.9948930e-01   8.3879441e-01   8.7990347e-01   9.2276543e-01   9.6731361e-01   1.0134682e+00   1.0611397e+00   1.1102330e+00   1.1606541e+00   1.2123186e+00   1.2651642e+00   1.3191672e+00   1.3743643e+00   1.4308813e+00   1.4889706e+00   1.5490586e+00
   8.0563753e-01   8.4511544e-01   8.8638075e-01   9.2938072e-01   9.7404682e-01   1.0202974e+00   1.0680413e+00   1.1171823e+00   1.1676256e+00   1.2192871e+00   1.2721056e+00   1.3260599e+00   1.3811901e+00   1.4376272e+00   1.4956298e+00   1.5556322e+00
   8.1175211e-01   8.5139953e-01   8.9281753e-01   9.3595172e-01   9.8073182e-01   1.0270745e+00   1.0748869e+00   1.1240716e+00   1.1745336e+00   1.2261888e+00   1.2789775e+00   1.3328805e+00   1.3879420e+00   1.4442977e+00   1.5022124e+00   1.5621283e+00
   8.1783309e-01   8.5764676e-01   8.9921393e-01   9.4247863e-01   9.8736887e-01   1.0337996e+00   1.0816767e+00   1.1309016e+00   1.1813787e+00   1.2330245e+00   1.2857805e+00   1.3396300e+00   1.3946208e+00   1.4508936e+00   1.5087195e+00   1.5685479e+00
   8.2388049e-01   8.6385721e-01   9.0557008e-01   9.4896164e-01   9.9395825e-01   1.0404733e+00   1.0884112e+00   1.1376726e+00   1.1881615e+00   1.2397948e+00   1.2925154e+00   1.3463092e+00   1.4012275e+00   1.4574159e+00   1.5151519e+00   1.5748921e+00
   8.2989437e-01   8.7003095e-01   9.1188613e-01   9.5540095e-01   1.0005002e+00   1.0470958e+00   1.0950909e+00   1.1443853e+00   1.1948826e+00   1.2465004e+00   1.2991830e+00   1.3529188e+00   1.4077628e+00   1.4638656e+00   1.5215106e+00   1.5811619e+00
   8.3587478e-01   8.7616809e-01   9.1816220e-01   9.6179675e-01   1.0069950e+00   1.0536675e+00   1.1017162e+00   1.1510400e+00   1.2015426e+00   1.2531420e+00   1.3057841e+00   1.3594598e+00   1.4142278e+00   1.4702436e+00   1.5277965e+00   1.5873581e+00
   8.4182175e-01   8.8226872e-01   9.2439846e-01   9.6814926e-01   1.0134430e+00   1.0601888e+00   1.1082875e+00   1.1576375e+00   1.2081421e+00   1.2597203e+00   1.3123194e+00   1.3659329e+00   1.4206232e+00   1.4765507e+00   1.5340107e+00   1.5934818e+00
   8.4773536e-01   8.8833292e-01   9.3059503e-01   9.7445866e-01   1.0198443e+00   1.0666599e+00   1.1148052e+00   1.1641780e+00   1.2146817e+00   1.2662359e+00   1.3187895e+00   1.3723389e+00   1.4269499e+00   1.4827878e+00   1.5401539e+00   1.5995338e+00
   8.5361564e-01   8.9436079e-01   9.3675206e-01   9.8072518e-01   1.0261994e+00   1.0730813e+00   1.1212698e+00   1.1706622e+00   1.2211620e+00   1.2726895e+00   1.3251954e+00   1.3786785e+00   1.4332088e+00   1.4889559e+00   1.5462271e+00   1.6055150e+00
   8.5946267e-01   9.0035245e-01   9.4286971e-01   9.8694901e-01   1.0325083e+00   1.0794532e+00   1.1276817e+00   1.1770906e+00   1.2275835e+00   1.2790817e+00   1.3315376e+00   1.3849527e+00   1.4394006e+00   1.4950557e+00   1.5522312e+00   1.6114264e+00
   8.6527651e-01   9.0630798e-01   9.4894813e-01   9.9313037e-01   1.0387715e+00   1.0857760e+00   1.1340412e+00   1.1834635e+00   1.2339468e+00   1.2854131e+00   1.3378168e+00   1.3911621e+00   1.4455261e+00   1.5010882e+00   1.5581671e+00   1.6172688e+00
   8.7105722e-01   9.1222749e-01   9.5498748e-01   9.9926946e-01   1.0449892e+00   1.0920501e+00   1.1403489e+00   1.1897816e+00   1.2402524e+00   1.2916845e+00   1.3440339e+00   1.3973075e+00   1.4515862e+00   1.5070541e+00   1.5640355e+00   1.6230431e+00
   8.7680487e-01   9.1811111e-01   9.6098790e-01   1.0053665e+00   1.0511616e+00   1.0982758e+00   1.1466051e+00   1.1960453e+00   1.2465010e+00   1.2978964e+00   1.3501893e+00   1.4033895e+00   1.4575816e+00   1.5129542e+00   1.5698373e+00   1.6287501e+00
   8.8251953e-01   9.2395892e-01   9.6694956e-01   1.0114217e+00   1.0572891e+00   1.1044535e+00   1.1528102e+00   1.2022551e+00   1.2526930e+00   1.3040494e+00   1.3562839e+00   1.4094091e+00   1.4635131e+00   1.5187894e+00   1.5755734e+00   1.6343907e+00
   8.8820127e-01   9.2977106e-01   9.7287262e-01   1.0174353e+00   1.0633719e+00   1.1105834e+00   1.1589646e+00   1.2084114e+00   1.2588291e+00   1.3101441e+00   1.3623182e+00   1.4153667e+00   1.4693815e+00   1.5245605e+00   1.5812445e+00   1.6399656e+00
   8.9385018e-01   9.3554763e-01   9.7875723e-01   1.0234075e+00   1.0694103e+00   1.1166659e+00   1.1650688e+00   1.2145147e+00   1.2649097e+00   1.3161812e+00   1.3682930e+00   1.4212633e+00   1.4751875e+00   1.5302681e+00   1.5868515e+00   1.6454757e+00
   8.9946633e-01   9.4128875e-01   9.8460358e-01   1.0293384e+00   1.0754045e+00   1.1227014e+00   1.1711231e+00   1.2205656e+00   1.2709353e+00   1.3221612e+00   1.3742089e+00   1.4270994e+00   1.4809319e+00   1.5359132e+00   1.5923951e+00   1.6509218e+00
   9.0504980e-01   9.4699455e-01   9.9041181e-01   1.0352285e+00   1.0813549e+00   1.1286901e+00   1.1771280e+00   1.2265644e+00   1.2769066e+00   1.3280847e+00   1.3800666e+00   1.4328758e+00   1.4866153e+00   1.5414964e+00   1.5978761e+00   1.6563047e+00
   9.1060068e-01   9.5266514e-01   9.9618210e-01   1.0410777e+00   1.0872617e+00   1.1346325e+00   1.1830838e+00   1.2325117e+00   1.2828240e+00   1.3339524e+00   1.3858666e+00   1.4385931e+00   1.4922385e+00   1.5470185e+00   1.6032953e+00   1.6616250e+00
   9.1611905e-01   9.5830064e-01   1.0019146e+00   1.0468864e+00   1.0931252e+00   1.1405289e+00   1.1889910e+00   1.2384078e+00   1.2886881e+00   1.3397647e+00   1.3916095e+00   1.4442520e+00   1.4978021e+00   1.5524801e+00   1.6086534e+00   1.6668837e+00
   9.2160500e-01   9.6390119e-01   1.0076095e+00   1.0526548e+00   1.0989456e+00   1.1463795e+00   1.1948499e+00   1.2442533e+00   1.2944993e+00   1.3455223e+00   1.3972961e+00   1.4498531e+00   1.5033070e+00   1.5578821e+00   1.6139511e+00   1.6720813e+00
   9.2705862e-01   9.6946692e-01   1.0132670e+00   1.0583831e+00   1.1047233e+00   1.1521848e+00   1.2006609e+00   1.2500486e+00   1.3002582e+00   1.3512256e+00   1.4029269e+00   1.4553972e+00   1.5087536e+00   1.5632252e+00   1.6191891e+00   1.6772187e+00
   9.3248000e-01   9.7499794e-01   1.0188872e+00   1.0640716e+00   1.1104585e+00   1.1579450e+00   1.2064244e+00   1.2557940e+00   1.3059653e+00   1.3568753e+00   1.4085025e+00   1.4608847e+00   1.5141429e+00   1.5685099e+00   1.6243683e+00   1.6822966e+00
   9.3786924e-01   9.8049439e-01   1.0244704e+00   1.0697203e+00   1.1161515e+00   1.1636605e+00   1.2121408e+00   1.2614902e+00   1.3116210e+00   1.3624719e+00   1.4140235e+00   1.4663165e+00   1.5194753e+00   1.5737371e+00   1.6294892e+00   1.6873156e+00
   9.4322642e-01   9.8595641e-01   1.0300166e+00   1.0753297e+00   1.1218025e+00   1.1693316e+00   1.2178105e+00   1.2671375e+00   1.3172258e+00   1.3680160e+00   1.4194905e+00   1.4716931e+00   1.5247515e+00   1.5789074e+00   1.6345526e+00   1.6922765e+00
   9.4855166e-01   9.9138413e-01   1.0355261e+00   1.0808998e+00   1.1274119e+00   1.1749587e+00   1.2234338e+00   1.2727363e+00   1.3227804e+00   1.3735080e+00   1.4249041e+00   1.4770150e+00   1.5299723e+00   1.5840214e+00   1.6395591e+00   1.6971800e+00
   9.5384504e-01   9.9677768e-01   1.0409990e+00   1.0864310e+00   1.1329798e+00   1.1805420e+00   1.2290112e+00   1.2782871e+00   1.3282850e+00   1.3789485e+00   1.4302647e+00   1.4822830e+00   1.5351381e+00   1.5890798e+00   1.6445094e+00   1.7020267e+00
   9.5910667e-01   1.0021372e+00   1.0464355e+00   1.0919234e+00   1.1385067e+00   1.1860819e+00   1.2345430e+00   1.2837903e+00   1.3337402e+00   1.3843381e+00   1.4355731e+00   1.4874975e+00   1.5402497e+00   1.5940833e+00   1.6494042e+00   1.7068173e+00
   9.6433666e-01   1.0074628e+00   1.0518359e+00   1.0973772e+00   1.1439927e+00   1.1915786e+00   1.2400296e+00   1.2892463e+00   1.3391465e+00   1.3896771e+00   1.4408297e+00   1.4926593e+00   1.5453076e+00   1.5990324e+00   1.6542440e+00   1.7115524e+00
   9.6953510e-01   1.0127547e+00   1.0572002e+00   1.1027927e+00   1.1494380e+00   1.1970326e+00   1.2454713e+00   1.2946555e+00   1.3445043e+00   1.3949663e+00   1.4460352e+00   1.4977689e+00   1.5503125e+00   1.6039279e+00   1.6590297e+00   1.7162327e+00
   9.7470210e-01   1.0180130e+00   1.0625286e+00   1.1081702e+00   1.1548431e+00   1.2024442e+00   1.2508685e+00   1.3000184e+00   1.3498141e+00   1.4002059e+00   1.4511899e+00   1.5028267e+00   1.5552650e+00   1.6087702e+00   1.6637617e+00   1.7208589e+00
   9.7983777e-01   1.0232378e+00   1.0678214e+00   1.1135097e+00   1.1602082e+00   1.2078136e+00   1.2562216e+00   1.3053354e+00   1.3550764e+00   1.4053966e+00   1.4562945e+00   1.5078335e+00   1.5601656e+00   1.6135601e+00   1.6684407e+00   1.7254315e+00
   9.8494222e-01   1.0284292e+00   1.0730788e+00   1.1188116e+00   1.1655334e+00   1.2131411e+00   1.2615309e+00   1.3106068e+00   1.3602915e+00   1.4105389e+00   1.4613495e+00   1.5127898e+00   1.5650149e+00   1.6182982e+00   1.6730673e+00   1.7299511e+00
   9.9001555e-01   1.0335875e+00   1.0783008e+00   1.1240761e+00   1.1708191e+00   1.2184271e+00   1.2667968e+00   1.3158331e+00   1.3654600e+00   1.4156331e+00   1.4663555e+00   1.5176961e+00   1.5698136e+00   1.6229849e+00   1.6776421e+00   1.7344184e+00
   9.9505789e-01   1.0387127e+00   1.0834876e+00   1.1293033e+00   1.1760656e+00   1.2236720e+00   1.2720197e+00   1.3210147e+00   1.3705823e+00   1.4206799e+00   1.4713128e+00   1.5225529e+00   1.5745621e+00   1.6276210e+00   1.6821657e+00   1.7388340e+00
   1.0000693e+00   1.0438050e+00   1.0886396e+00   1.1344936e+00   1.1812731e+00   1.2288759e+00   1.2771999e+00   1.3261519e+00   1.3756587e+00   1.4256796e+00   1.4762221e+00   1.5273608e+00   1.5792610e+00   1.6322069e+00   1.6866387e+00   1.7431984e+00
   1.0050500e+00   1.0488646e+00   1.0937567e+00   1.1396471e+00   1.1864418e+00   1.2340392e+00   1.2823377e+00   1.3312452e+00   1.3806898e+00   1.4306328e+00   1.4810838e+00   1.5321204e+00   1.5839108e+00   1.6367432e+00   1.6910616e+00   1.7475123e+00
   1.0100000e+00   1.0538916e+00   1.0988393e+00   1.1447641e+00   1.1915721e+00   1.2391622e+00   1.2874335e+00   1.3362949e+00   1.3856760e+00   1.4355398e+00   1.4858984e+00   1.5368320e+00   1.5885122e+00   1.6412305e+00   1.6954350e+00   1.7517761e+00
   1.0149195e+00   1.0588861e+00   1.1038875e+00   1.1498447e+00   1.1966642e+00   1.2442452e+00   1.2924876e+00   1.3413015e+00   1.3906177e+00   1.4404012e+00   1.4906665e+00   1.5414964e+00   1.5930656e+00   1.6456694e+00   1.6997595e+00   1.7559906e+00
   1.0198085e+00   1.0638483e+00   1.1089015e+00   1.1548893e+00   1.2017184e+00   1.2492885e+00   1.2975005e+00   1.3462653e+00   1.3955153e+00   1.4452175e+00   1.4953884e+00   1.5461138e+00   1.5975716e+00   1.6500603e+00   1.7040357e+00   1.7601561e+00
   1.0246672e+00   1.0687784e+00   1.1138815e+00   1.1598979e+00   1.2067348e+00   1.2542925e+00   1.3024723e+00   1.3511866e+00   1.4003693e+00   1.4499889e+00   1.5000647e+00   1.5506850e+00   1.6020307e+00   1.6544039e+00   1.7082639e+00   1.7642733e+00
   1.0294957e+00   1.0736764e+00   1.1188276e+00   1.1648709e+00   1.2117139e+00   1.2592573e+00   1.3074035e+00   1.3560659e+00   1.4051799e+00   1.4547161e+00   1.5046958e+00   1.5552102e+00   1.6064433e+00   1.6587005e+00   1.7124449e+00   1.7683426e+00
   1.0342942e+00   1.0785426e+00   1.1237400e+00   1.1698084e+00   1.2166557e+00   1.2641833e+00   1.3122944e+00   1.3609036e+00   1.4099477e+00   1.4593994e+00   1.5092823e+00   1.5596901e+00   1.6108101e+00   1.6629509e+00   1.7165791e+00   1.7723647e+00
   1.0390627e+00   1.0833770e+00   1.1286190e+00   1.1747107e+00   1.2215607e+00   1.2690708e+00   1.3171453e+00   1.3656999e+00   1.4146731e+00   1.4640392e+00   1.5138244e+00   1.5641252e+00   1.6151314e+00   1.6671553e+00   1.7206670e+00   1.7763401e+00
   1.0438013e+00   1.0881799e+00   1.1334647e+00   1.1795780e+00   1.2264290e+00   1.2739201e+00   1.3219566e+00   1.3704553e+00   1.4193563e+00   1.4686361e+00   1.5183228e+00   1.5685157e+00   1.6194078e+00   1.6713144e+00   1.7247091e+00   1.7802692e+00
   1.0485103e+00   1.0929514e+00   1.1382772e+00   1.1844106e+00   1.2312608e+00   1.2787315e+00   1.3267285e+00   1.3751701e+00   1.4239979e+00   1.4731903e+00   1.5227779e+00   1.5728624e+00   1.6236398e+00   1.6754287e+00   1.7287060e+00   1.7841525e+00
   1.0531897e+00   1.0976916e+00   1.1430568e+00   1.1892085e+00   1.2360566e+00   1.2835052e+00   1.3314614e+00   1.3798447e+00   1.4285983e+00   1.4777024e+00   1.5271900e+00   1.5771655e+00   1.6278278e+00   1.6794986e+00   1.7326582e+00   1.7879906e+00
   1.0578396e+00   1.1024007e+00   1.1478037e+00   1.1939720e+00   1.2408164e+00   1.2882416e+00   1.3361556e+00   1.3844794e+00   1.4331577e+00   1.4821727e+00   1.5315597e+00   1.5814257e+00   1.6319723e+00   1.6835246e+00   1.7365661e+00   1.7917840e+00
   1.0624601e+00   1.1070789e+00   1.1525179e+00   1.1987015e+00   1.2455405e+00   1.2929409e+00   1.3408115e+00   1.3890745e+00   1.4376765e+00   1.4866016e+00   1.5358873e+00   1.5856432e+00   1.6360738e+00   1.6875073e+00   1.7404301e+00   1.7955331e+00
   1.0670514e+00   1.1117262e+00   1.1571998e+00   1.2033969e+00   1.2502293e+00   1.2976033e+00   1.3454293e+00   1.3936305e+00   1.4421553e+00   1.4909896e+00   1.5401733e+00   1.5898186e+00   1.6401328e+00   1.6914469e+00   1.7442509e+00   1.7992385e+00
   1.0716137e+00   1.1163429e+00   1.1618495e+00   1.2080587e+00   1.2548828e+00   1.3022293e+00   1.3500093e+00   1.3981477e+00   1.4465942e+00   1.4953370e+00   1.5444181e+00   1.5939522e+00   1.6441496e+00   1.6953441e+00   1.7480288e+00   1.8029005e+00
   1.0761470e+00   1.1209291e+00   1.1664672e+00   1.2126870e+00   1.2595015e+00   1.3068190e+00   1.3545519e+00   1.4026263e+00   1.4509937e+00   1.4996443e+00   1.5486221e+00   1.5980446e+00   1.6481247e+00   1.6991993e+00   1.7517643e+00   1.8065197e+00
   1.0806514e+00   1.1254849e+00   1.1710530e+00   1.2172819e+00   1.2640855e+00   1.3113728e+00   1.3590574e+00   1.4070668e+00   1.4553542e+00   1.5039117e+00   1.5527858e+00   1.6020962e+00   1.6520586e+00   1.7030129e+00   1.7554579e+00   1.8100965e+00
   1.0851271e+00   1.1300106e+00   1.1756072e+00   1.2218438e+00   1.2686350e+00   1.3158909e+00   1.3635260e+00   1.4114694e+00   1.4596760e+00   1.5081398e+00   1.5569094e+00   1.6061073e+00   1.6559518e+00   1.7067854e+00   1.7591100e+00   1.8136313e+00
   1.0895742e+00   1.1345062e+00   1.1801299e+00   1.2263728e+00   1.2731503e+00   1.3203735e+00   1.3679581e+00   1.4158346e+00   1.4639595e+00   1.5123288e+00   1.5609935e+00   1.6100784e+00   1.6598045e+00   1.7105172e+00   1.7627210e+00   1.8171247e+00
   1.0939929e+00   1.1389719e+00   1.1846212e+00   1.2308691e+00   1.2776317e+00   1.3248210e+00   1.3723540e+00   1.4201625e+00   1.4682049e+00   1.5164791e+00   1.5650384e+00   1.6140099e+00   1.6636173e+00   1.7142087e+00   1.7662915e+00   1.8205770e+00
   1.0983832e+00   1.1434078e+00   1.1890815e+00   1.2353330e+00   1.2820794e+00   1.3292336e+00   1.3767139e+00   1.4244536e+00   1.4724128e+00   1.5205912e+00   1.5690445e+00   1.6179022e+00   1.6673905e+00   1.7178603e+00   1.7698218e+00   1.8239886e+00
   1.1027454e+00   1.1478142e+00   1.1935108e+00   1.2397647e+00   1.2864935e+00   1.3336116e+00   1.3810382e+00   1.4287082e+00   1.4765833e+00   1.5246654e+00   1.5730122e+00   1.6217556e+00   1.6711246e+00   1.7214726e+00   1.7733123e+00   1.8273601e+00
   1.1070794e+00   1.1521912e+00   1.1979094e+00   1.2441642e+00   1.2908745e+00   1.3379552e+00   1.3853271e+00   1.4329265e+00   1.4807169e+00   1.5287020e+00   1.5769418e+00   1.6255707e+00   1.6748200e+00   1.7250458e+00   1.7767635e+00   1.8306918e+00
   1.1113855e+00   1.1565388e+00   1.2022773e+00   1.2485320e+00   1.2952224e+00   1.3422647e+00   1.3895810e+00   1.4371089e+00   1.4848138e+00   1.5327014e+00   1.5808338e+00   1.6293478e+00   1.6784771e+00   1.7285805e+00   1.7801757e+00   1.8339842e+00
   1.1156638e+00   1.1608574e+00   1.2066149e+00   1.2528681e+00   1.2995375e+00   1.3465404e+00   1.3938000e+00   1.4412558e+00   1.4888745e+00   1.5366640e+00   1.5846885e+00   1.6330872e+00   1.6820963e+00   1.7320769e+00   1.7835495e+00   1.8372376e+00
   1.1199144e+00   1.1651469e+00   1.2109222e+00   1.2571728e+00   1.3038201e+00   1.3507825e+00   1.3979846e+00   1.4453673e+00   1.4928992e+00   1.5405901e+00   1.5885063e+00   1.6367893e+00   1.6856779e+00   1.7355355e+00   1.7868851e+00   1.8404525e+00
   1.1241374e+00   1.1694077e+00   1.2151995e+00   1.2614463e+00   1.3080703e+00   1.3549913e+00   1.4021350e+00   1.4494438e+00   1.4968883e+00   1.5444800e+00   1.5922876e+00   1.6404546e+00   1.6892223e+00   1.7389568e+00   1.7901830e+00   1.8436292e+00
   1.1283329e+00   1.1736397e+00   1.2194469e+00   1.2656887e+00   1.3122885e+00   1.3591670e+00   1.4062514e+00   1.4534857e+00   1.5008421e+00   1.5483341e+00   1.5960326e+00   1.6440834e+00   1.6927300e+00   1.7423410e+00   1.7934436e+00   1.8467682e+00
   1.1325012e+00   1.1778433e+00   1.2236646e+00   1.2699003e+00   1.3164748e+00   1.3633099e+00   1.4103342e+00   1.4574932e+00   1.5047608e+00   1.5521528e+00   1.5997417e+00   1.6476760e+00   1.6962013e+00   1.7456885e+00   1.7966673e+00   1.8498698e+00
   1.1366423e+00   1.1820185e+00   1.2278528e+00   1.2740813e+00   1.3206294e+00   1.3674202e+00   1.4143835e+00   1.4614666e+00   1.5086450e+00   1.5559363e+00   1.6034154e+00   1.6512328e+00   1.6996366e+00   1.7489998e+00   1.7998544e+00   1.8529344e+00
   1.1407564e+00   1.1861654e+00   1.2320116e+00   1.2782319e+00   1.3247526e+00   1.3714982e+00   1.4183998e+00   1.4654061e+00   1.5124947e+00   1.5596850e+00   1.6070539e+00   1.6547542e+00   1.7030362e+00   1.7522752e+00   1.8030053e+00   1.8559624e+00
   1.1448435e+00   1.1902843e+00   1.2361413e+00   1.2823522e+00   1.3288446e+00   1.3755441e+00   1.4223832e+00   1.4693122e+00   1.5163104e+00   1.5633992e+00   1.6106576e+00   1.6582405e+00   1.7064005e+00   1.7555151e+00   1.8061204e+00   1.8589542e+00
   1.1489038e+00   1.1943753e+00   1.2402419e+00   1.2864425e+00   1.3329057e+00   1.3795581e+00   1.4263340e+00   1.4731851e+00   1.5200924e+00   1.5670792e+00   1.6142268e+00   1.6616920e+00   1.7097299e+00   1.7587198e+00   1.8092000e+00   1.8619101e+00
   1.1529375e+00   1.1984385e+00   1.2443137e+00   1.2905030e+00   1.3369360e+00   1.3835406e+00   1.4302525e+00   1.4770250e+00   1.5238409e+00   1.5707254e+00   1.6177618e+00   1.6651092e+00   1.7130246e+00   1.7618897e+00   1.8122446e+00   1.8648305e+00
   1.1569446e+00   1.2024741e+00   1.2483569e+00   1.2945338e+00   1.3409357e+00   1.3874917e+00   1.4341389e+00   1.4808322e+00   1.5275562e+00   1.5743381e+00   1.6212630e+00   1.6684923e+00   1.7162851e+00   1.7650251e+00   1.8152544e+00   1.8677158e+00
   1.1609254e+00   1.2064822e+00   1.2523716e+00   1.2985352e+00   1.3449051e+00   1.3914117e+00   1.4379935e+00   1.4846071e+00   1.5312387e+00   1.5779175e+00   1.6247308e+00   1.6718417e+00   1.7195117e+00   1.7681264e+00   1.8182298e+00   1.8705663e+00
   1.1648799e+00   1.2104630e+00   1.2563579e+00   1.3025074e+00   1.3488444e+00   1.3953009e+00   1.4418166e+00   1.4883498e+00   1.5348887e+00   1.5814641e+00   1.6281653e+00   1.6751578e+00   1.7227047e+00   1.7711940e+00   1.8211712e+00   1.8733824e+00
   1.1688082e+00   1.2144167e+00   1.2603162e+00   1.3064505e+00   1.3527538e+00   1.3991593e+00   1.4456084e+00   1.4920608e+00   1.5385063e+00   1.5849780e+00   1.6315670e+00   1.6784407e+00   1.7258645e+00   1.7742281e+00   1.8240789e+00   1.8761643e+00
   1.1727105e+00   1.2183433e+00   1.2642464e+00   1.3103647e+00   1.3566335e+00   1.4029874e+00   1.4493691e+00   1.4957401e+00   1.5420920e+00   1.5884596e+00   1.6349361e+00   1.6816909e+00   1.7289914e+00   1.7772291e+00   1.8269532e+00   1.8789125e+00
   1.1765869e+00   1.2222431e+00   1.2681488e+00   1.3142502e+00   1.3604838e+00   1.4067853e+00   1.4530991e+00   1.4993882e+00   1.5456460e+00   1.5919092e+00   1.6382730e+00   1.6849087e+00   1.7320857e+00   1.7801974e+00   1.8297946e+00   1.8816273e+00
   1.1804376e+00   1.2261161e+00   1.2720236e+00   1.3181073e+00   1.3643047e+00   1.4105532e+00   1.4567985e+00   1.5030052e+00   1.5491686e+00   1.5953271e+00   1.6415779e+00   1.6880944e+00   1.7351477e+00   1.7831332e+00   1.8326032e+00   1.8843090e+00
   1.1842626e+00   1.2299626e+00   1.2758710e+00   1.3219360e+00   1.3680966e+00   1.4142914e+00   1.4604676e+00   1.5065915e+00   1.5526601e+00   1.5987136e+00   1.6448512e+00   1.6912483e+00   1.7381778e+00   1.7860369e+00   1.8353794e+00   1.8869579e+00
   1.1880622e+00   1.2337826e+00   1.2796910e+00   1.3257366e+00   1.3718597e+00   1.4180001e+00   1.4641066e+00   1.5101473e+00   1.5561206e+00   1.6020690e+00   1.6480932e+00   1.6943707e+00   1.7411763e+00   1.7889088e+00   1.8381236e+00   1.8895744e+00
   1.1918364e+00   1.2375764e+00   1.2834839e+00   1.3295093e+00   1.3755941e+00   1.4216795e+00   1.4677159e+00   1.5136728e+00   1.5595506e+00   1.6053935e+00   1.6513042e+00   1.6974619e+00   1.7441434e+00   1.7917493e+00   1.8408361e+00   1.8921587e+00
   1.1955853e+00   1.2413440e+00   1.2872498e+00   1.3332542e+00   1.3793000e+00   1.4253299e+00   1.4712956e+00   1.5171683e+00   1.5629503e+00   1.6086874e+00   1.6544843e+00   1.7005222e+00   1.7470796e+00   1.7945585e+00   1.8435172e+00   1.8947113e+00
   1.1993091e+00   1.2450857e+00   1.2909889e+00   1.3369716e+00   1.3829778e+00   1.4289514e+00   1.4748459e+00   1.5206341e+00   1.5663199e+00   1.6119510e+00   1.6576341e+00   1.7035519e+00   1.7499850e+00   1.7973369e+00   1.8461671e+00   1.8972323e+00
   1.2030080e+00   1.2488015e+00   1.2947014e+00   1.3406616e+00   1.3866274e+00   1.4325443e+00   1.4783671e+00   1.5240704e+00   1.5696597e+00   1.6151846e+00   1.6607536e+00   1.7065514e+00   1.7528600e+00   1.8000847e+00   1.8487862e+00   1.8997222e+00
   1.2066819e+00   1.2524916e+00   1.2983874e+00   1.3443244e+00   1.3902492e+00   1.4361088e+00   1.4818595e+00   1.5274774e+00   1.5729699e+00   1.6183885e+00   1.6638433e+00   1.7095208e+00   1.7557048e+00   1.8028022e+00   1.8513749e+00   1.9021811e+00
   1.2103312e+00   1.2561561e+00   1.3020470e+00   1.3479601e+00   1.3938434e+00   1.4396451e+00   1.4853232e+00   1.5308554e+00   1.5762509e+00   1.6215629e+00   1.6669033e+00   1.7124605e+00   1.7585199e+00   1.8054898e+00   1.8539333e+00   1.9046095e+00
   1.2139558e+00   1.2597953e+00   1.3056805e+00   1.3515691e+00   1.3974101e+00   1.4431534e+00   1.4887585e+00   1.5342047e+00   1.5795029e+00   1.6247081e+00   1.6699340e+00   1.7153707e+00   1.7613054e+00   1.8081476e+00   1.8564618e+00   1.9070075e+00
   1.2175560e+00   1.2634092e+00   1.3092880e+00   1.3551513e+00   1.4009496e+00   1.4466340e+00   1.4921656e+00   1.5375254e+00   1.5827261e+00   1.6278243e+00   1.6729356e+00   1.7182518e+00   1.7640616e+00   1.8107761e+00   1.8589607e+00   1.9093756e+00
   1.2211318e+00   1.2669979e+00   1.3128697e+00   1.3587071e+00   1.4044620e+00   1.4500870e+00   1.4955447e+00   1.5408179e+00   1.5859208e+00   1.6309118e+00   1.6759084e+00   1.7211040e+00   1.7667889e+00   1.8133755e+00   1.8614302e+00   1.9117139e+00
   1.2246834e+00   1.2705617e+00   1.3164257e+00   1.3622365e+00   1.4079475e+00   1.4535127e+00   1.4988962e+00   1.5440823e+00   1.5890872e+00   1.6339709e+00   1.6788527e+00   1.7239276e+00   1.7694874e+00   1.8159460e+00   1.8638706e+00   1.9140228e+00
   1.2282109e+00   1.2741006e+00   1.3199562e+00   1.3657398e+00   1.4114064e+00   1.4569112e+00   1.5022200e+00   1.5473190e+00   1.5922256e+00   1.6370019e+00   1.6817687e+00   1.7267228e+00   1.7721575e+00   1.8184880e+00   1.8662823e+00   1.9163026e+00
   1.2317144e+00   1.2776149e+00   1.3234613e+00   1.3692172e+00   1.4148387e+00   1.4602828e+00   1.5055166e+00   1.5505280e+00   1.5953362e+00   1.6400049e+00   1.6846567e+00   1.7294899e+00   1.7747995e+00   1.8210016e+00   1.8686655e+00   1.9185534e+00
   1.2351941e+00   1.2811046e+00   1.3269412e+00   1.3726687e+00   1.4182447e+00   1.4636276e+00   1.5087861e+00   1.5537097e+00   1.5984192e+00   1.6429802e+00   1.6875169e+00   1.7322293e+00   1.7774136e+00   1.8234873e+00   1.8710205e+00   1.9207757e+00
   1.2386500e+00   1.2845699e+00   1.3303960e+00   1.3760947e+00   1.4216247e+00   1.4669459e+00   1.5120288e+00   1.5568642e+00   1.6014750e+00   1.6459282e+00   1.6903496e+00   1.7349410e+00   1.7800000e+00   1.8259452e+00   1.8733474e+00   1.9229696e+00
   1.2420823e+00   1.2880109e+00   1.3338259e+00   1.3794952e+00   1.4249787e+00   1.4702379e+00   1.5152447e+00   1.5599919e+00   1.6045037e+00   1.6488489e+00   1.6931551e+00   1.7376255e+00   1.7825591e+00   1.8283756e+00   1.8756467e+00   1.9251354e+00
   1.2454912e+00   1.2914277e+00   1.3372311e+00   1.3828703e+00   1.4283069e+00   1.4735037e+00   1.5184343e+00   1.5630928e+00   1.6075055e+00   1.6517427e+00   1.6959336e+00   1.7402829e+00   1.7850910e+00   1.8307788e+00   1.8779186e+00   1.9272735e+00
   1.2488767e+00   1.2948206e+00   1.3406118e+00   1.3862204e+00   1.4316096e+00   1.4767436e+00   1.5215976e+00   1.5661673e+00   1.6104807e+00   1.6546098e+00   1.6986853e+00   1.7429135e+00   1.7875961e+00   1.8331551e+00   1.8801632e+00   1.9293840e+00
   1.2522390e+00   1.2981896e+00   1.3439679e+00   1.3895456e+00   1.4348868e+00   1.4799577e+00   1.5247348e+00   1.5692156e+00   1.6134295e+00   1.6574504e+00   1.7014105e+00   1.7455175e+00   1.7900746e+00   1.8355046e+00   1.8823810e+00   1.9314672e+00
   1.2555782e+00   1.3015349e+00   1.3472998e+00   1.3928459e+00   1.4381389e+00   1.4831463e+00   1.5278462e+00   1.5722379e+00   1.6163522e+00   1.6602647e+00   1.7041094e+00   1.7480953e+00   1.7925267e+00   1.8378276e+00   1.8845720e+00   1.9335234e+00
   1.2588944e+00   1.3048566e+00   1.3506076e+00   1.3961216e+00   1.4413660e+00   1.4863095e+00   1.5309320e+00   1.5752343e+00   1.6192490e+00   1.6630531e+00   1.7067822e+00   1.7506470e+00   1.7949528e+00   1.8401245e+00   1.8867367e+00   1.9355527e+00
   1.2621877e+00   1.3081548e+00   1.3538913e+00   1.3993729e+00   1.4445682e+00   1.4894475e+00   1.5339924e+00   1.5782051e+00   1.6221200e+00   1.6658157e+00   1.7094293e+00   1.7531728e+00   1.7973529e+00   1.8423953e+00   1.8888751e+00   1.9375556e+00
   1.2654583e+00   1.3114297e+00   1.3571513e+00   1.4025999e+00   1.4477457e+00   1.4925606e+00   1.5370276e+00   1.5811505e+00   1.6249655e+00   1.6685527e+00   1.7120508e+00   1.7556731e+00   1.7997274e+00   1.8446405e+00   1.8909877e+00   1.9395322e+00
   1.2687063e+00   1.3146815e+00   1.3603875e+00   1.4058027e+00   1.4508987e+00   1.4956488e+00   1.5400377e+00   1.5840708e+00   1.6277858e+00   1.6712645e+00   1.7146469e+00   1.7581480e+00   1.8020766e+00   1.8468601e+00   1.8930745e+00   1.9414827e+00
   1.2719318e+00   1.3179102e+00   1.3636002e+00   1.4089816e+00   1.4540274e+00   1.4987125e+00   1.5430230e+00   1.5869661e+00   1.6305810e+00   1.6739511e+00   1.7172180e+00   1.7605977e+00   1.8044005e+00   1.8490545e+00   1.8951359e+00   1.9434074e+00
   1.2751349e+00   1.3211159e+00   1.3667895e+00   1.4121367e+00   1.4571319e+00   1.5017517e+00   1.5459836e+00   1.5898366e+00   1.6333513e+00   1.6766128e+00   1.7197641e+00   1.7630226e+00   1.8066996e+00   1.8512239e+00   1.8971721e+00   1.9453065e+00
   1.2783157e+00   1.3242989e+00   1.3699556e+00   1.4152681e+00   1.4602124e+00   1.5047666e+00   1.5489198e+00   1.5926825e+00   1.6360970e+00   1.6792498e+00   1.7222855e+00   1.7654228e+00   1.8089739e+00   1.8533685e+00   1.8991833e+00   1.9471803e+00
   1.2814745e+00   1.3274593e+00   1.3730985e+00   1.4183760e+00   1.4632692e+00   1.5077575e+00   1.5518318e+00   1.5955040e+00   1.6388182e+00   1.6818624e+00   1.7247825e+00   1.7677986e+00   1.8112238e+00   1.8554885e+00   1.9011697e+00   1.9490289e+00
   1.2846111e+00   1.3305971e+00   1.3762185e+00   1.4214606e+00   1.4663022e+00   1.5107244e+00   1.5547197e+00   1.5983014e+00   1.6415153e+00   1.6844508e+00   1.7272553e+00   1.7701501e+00   1.8134494e+00   1.8575842e+00   1.9031316e+00   1.9508527e+00
   1.2877259e+00   1.3337126e+00   1.3793157e+00   1.4245220e+00   1.4693118e+00   1.5136677e+00   1.5575837e+00   1.6010748e+00   1.6441883e+00   1.6870151e+00   1.7297041e+00   1.7724776e+00   1.8156510e+00   1.8596558e+00   1.9050692e+00   1.9526519e+00
   1.2908190e+00   1.3368058e+00   1.3823902e+00   1.4275604e+00   1.4722981e+00   1.5165874e+00   1.5604240e+00   1.6038244e+00   1.6468374e+00   1.6895556e+00   1.7321290e+00   1.7747813e+00   1.8178288e+00   1.8617035e+00   1.9069827e+00   1.9544266e+00
   1.2938903e+00   1.3398768e+00   1.3854422e+00   1.4305759e+00   1.4752612e+00   1.5194838e+00   1.5632408e+00   1.6065504e+00   1.6494629e+00   1.6920724e+00   1.7345303e+00   1.7770615e+00   1.8199829e+00   1.8637275e+00   1.9088724e+00   1.9561770e+00
   1.2969401e+00   1.3429259e+00   1.3884718e+00   1.4335686e+00   1.4782013e+00   1.5223570e+00   1.5660342e+00   1.6092530e+00   1.6520651e+00   1.6945658e+00   1.7369083e+00   1.7793182e+00   1.8221138e+00   1.8657280e+00   1.9107384e+00   1.9579035e+00
   1.2999685e+00   1.3459531e+00   1.3914791e+00   1.4365388e+00   1.4811186e+00   1.5252071e+00   1.5688046e+00   1.6119324e+00   1.6546439e+00   1.6970361e+00   1.7392630e+00   1.7815518e+00   1.8242214e+00   1.8677053e+00   1.9125809e+00   1.9596062e+00
   1.3029756e+00   1.3489586e+00   1.3944643e+00   1.4394866e+00   1.4840132e+00   1.5280344e+00   1.5715519e+00   1.6145888e+00   1.6571997e+00   1.6994833e+00   1.7415948e+00   1.7837625e+00   1.8263060e+00   1.8696596e+00   1.9144003e+00   1.9612854e+00
   1.3059614e+00   1.3519424e+00   1.3974275e+00   1.4424121e+00   1.4868853e+00   1.5308390e+00   1.5742765e+00   1.6172223e+00   1.6597327e+00   1.7019076e+00   1.7439037e+00   1.7859504e+00   1.8283680e+00   1.8715910e+00   1.9161966e+00   1.9629411e+00
   1.3089262e+00   1.3549047e+00   1.4003689e+00   1.4453154e+00   1.4897351e+00   1.5336211e+00   1.5769784e+00   1.6198331e+00   1.6622430e+00   1.7043094e+00   1.7461901e+00   1.7881157e+00   1.8304073e+00   1.8734998e+00   1.9179701e+00   1.9645738e+00
   1.3118701e+00   1.3578457e+00   1.4032886e+00   1.4481968e+00   1.4925626e+00   1.5363808e+00   1.5796579e+00   1.6224215e+00   1.6647309e+00   1.7066886e+00   1.7484541e+00   1.7902587e+00   1.8324243e+00   1.8753862e+00   1.9197210e+00   1.9661834e+00
   1.3147930e+00   1.3607655e+00   1.4061867e+00   1.4510564e+00   1.4953681e+00   1.5391184e+00   1.5823152e+00   1.6249876e+00   1.6671964e+00   1.7090457e+00   1.7506959e+00   1.7923796e+00   1.8344192e+00   1.8772503e+00   1.9214495e+00   1.9677704e+00
   1.3176952e+00   1.3636641e+00   1.4090634e+00   1.4538942e+00   1.4981517e+00   1.5418339e+00   1.5849503e+00   1.6275315e+00   1.6696399e+00   1.7113807e+00   1.7529158e+00   1.7944784e+00   1.8363921e+00   1.8790924e+00   1.9231558e+00   1.9693347e+00
   1.3205769e+00   1.3665418e+00   1.4119188e+00   1.4567105e+00   1.5009136e+00   1.5445276e+00   1.5875635e+00   1.6300535e+00   1.6720614e+00   1.7136938e+00   1.7551137e+00   1.7965555e+00   1.8383432e+00   1.8809128e+00   1.9248401e+00   1.9708768e+00
   1.3234379e+00   1.3693986e+00   1.4147531e+00   1.4595054e+00   1.5036539e+00   1.5471996e+00   1.5901550e+00   1.6325538e+00   1.6744612e+00   1.7159852e+00   1.7572901e+00   1.7986111e+00   1.8402728e+00   1.8827114e+00   1.9265025e+00   1.9723967e+00
   1.3262786e+00   1.3722346e+00   1.4175663e+00   1.4622791e+00   1.5063728e+00   1.5498500e+00   1.5927248e+00   1.6350324e+00   1.6768394e+00   1.7182552e+00   1.7594450e+00   1.8006452e+00   1.8421810e+00   1.8844886e+00   1.9281434e+00   1.9738946e+00
   1.3290990e+00   1.3750500e+00   1.4203586e+00   1.4650316e+00   1.5090704e+00   1.5524791e+00   1.5952733e+00   1.6374896e+00   1.6791962e+00   1.7205038e+00   1.7615787e+00   1.8026582e+00   1.8440680e+00   1.8862446e+00   1.9297628e+00   1.9753708e+00
   1.3318992e+00   1.3778449e+00   1.4231301e+00   1.4677631e+00   1.5117469e+00   1.5550869e+00   1.5978004e+00   1.6399256e+00   1.6815318e+00   1.7227312e+00   1.7636913e+00   1.8046501e+00   1.8459340e+00   1.8879795e+00   1.9313610e+00   1.9768254e+00
   1.3346794e+00   1.3806194e+00   1.4258810e+00   1.4704738e+00   1.5144024e+00   1.5576737e+00   1.6003065e+00   1.6423404e+00   1.6838464e+00   1.7249377e+00   1.7657830e+00   1.8066212e+00   1.8477792e+00   1.8896936e+00   1.9329381e+00   1.9782586e+00
   1.3374396e+00   1.3833737e+00   1.4286113e+00   1.4731638e+00   1.5170370e+00   1.5602395e+00   1.6027916e+00   1.6447344e+00   1.6861401e+00   1.7271234e+00   1.7678540e+00   1.8085717e+00   1.8496037e+00   1.8913869e+00   1.9344944e+00   1.9796706e+00
   1.3401799e+00   1.3861078e+00   1.4313213e+00   1.4758332e+00   1.5196509e+00   1.5627846e+00   1.6052559e+00   1.6471075e+00   1.6884131e+00   1.7292885e+00   1.7699045e+00   1.8105017e+00   1.8514078e+00   1.8930597e+00   1.9360299e+00   1.9810616e+00
   1.3429005e+00   1.3888219e+00   1.4340111e+00   1.4784822e+00   1.5222443e+00   1.5653091e+00   1.6076996e+00   1.6494601e+00   1.6906656e+00   1.7314331e+00   1.7719346e+00   1.8124113e+00   1.8531916e+00   1.8947122e+00   1.9375450e+00   1.9824317e+00
   1.3456015e+00   1.3915161e+00   1.4366807e+00   1.4811109e+00   1.5248173e+00   1.5678130e+00   1.6101228e+00   1.6517923e+00   1.6928977e+00   1.7335574e+00   1.7739445e+00   1.8143009e+00   1.8549553e+00   1.8963445e+00   1.9390397e+00   1.9837812e+00
   1.3482830e+00   1.3941905e+00   1.4393302e+00   1.4837195e+00   1.5273700e+00   1.5702967e+00   1.6125258e+00   1.6541041e+00   1.6951096e+00   1.7356617e+00   1.7759344e+00   1.8161705e+00   1.8566991e+00   1.8979568e+00   1.9405143e+00   1.9851102e+00
   1.3509450e+00   1.3968453e+00   1.4419600e+00   1.4863080e+00   1.5299026e+00   1.5727602e+00   1.6149085e+00   1.6563959e+00   1.6973014e+00   1.7377460e+00   1.7779044e+00   1.8180203e+00   1.8584231e+00   1.8995493e+00   1.9419689e+00   1.9864189e+00
   1.3535878e+00   1.3994804e+00   1.4445699e+00   1.4888766e+00   1.5324152e+00   1.5752037e+00   1.6172712e+00   1.6586677e+00   1.6994734e+00   1.7398105e+00   1.7798548e+00   1.8198505e+00   1.8601276e+00   1.9011222e+00   1.9434037e+00   1.9877075e+00
   1.3562113e+00   1.4020961e+00   1.4471603e+00   1.4914254e+00   1.5349080e+00   1.5776273e+00   1.6196141e+00   1.6609197e+00   1.7016257e+00   1.7418554e+00   1.7817856e+00   1.8216613e+00   1.8618126e+00   1.9026756e+00   1.9448188e+00   1.9889761e+00
   1.3588157e+00   1.4046925e+00   1.4497311e+00   1.4939546e+00   1.5373810e+00   1.5800312e+00   1.6219373e+00   1.6631520e+00   1.7037584e+00   1.7438808e+00   1.7836971e+00   1.8234528e+00   1.8634784e+00   1.9042097e+00   1.9462145e+00   1.9902249e+00
   1.3614012e+00   1.4072697e+00   1.4522825e+00   1.4964643e+00   1.5398345e+00   1.5824155e+00   1.6242409e+00   1.6653649e+00   1.7058717e+00   1.7458870e+00   1.7855894e+00   1.8252252e+00   1.8651250e+00   1.9057247e+00   1.9475908e+00   1.9914541e+00
   1.3639677e+00   1.4098278e+00   1.4548147e+00   1.4989546e+00   1.5422685e+00   1.5847803e+00   1.6265251e+00   1.6675584e+00   1.7079658e+00   1.7478740e+00   1.7874626e+00   1.8269786e+00   1.8667528e+00   1.9072207e+00   1.9489481e+00   1.9926638e+00
   1.3665155e+00   1.4123669e+00   1.4573277e+00   1.5014256e+00   1.5446833e+00   1.5871259e+00   1.6287900e+00   1.6697327e+00   1.7100408e+00   1.7498421e+00   1.7893170e+00   1.8287132e+00   1.8683618e+00   1.9086979e+00   1.9502863e+00   1.9938542e+00
   1.3690446e+00   1.4148871e+00   1.4598216e+00   1.5038775e+00   1.5470788e+00   1.5894522e+00   1.6310358e+00   1.6718880e+00   1.7120968e+00   1.7517913e+00   1.7911527e+00   1.8304293e+00   1.8699522e+00   1.9101564e+00   1.9516058e+00   1.9950255e+00
   1.3715551e+00   1.4173885e+00   1.4622967e+00   1.5063105e+00   1.5494553e+00   1.5917595e+00   1.6332627e+00   1.6740244e+00   1.7141341e+00   1.7537218e+00   1.7929698e+00   1.8321268e+00   1.8715242e+00   1.9115965e+00   1.9529065e+00   1.9961778e+00
   1.3740472e+00   1.4198713e+00   1.4647530e+00   1.5087245e+00   1.5518129e+00   1.5940480e+00   1.6354706e+00   1.6761420e+00   1.7161527e+00   1.7556338e+00   1.7947685e+00   1.8338060e+00   1.8730778e+00   1.9130182e+00   1.9541888e+00   1.9973113e+00
   1.3765209e+00   1.4223356e+00   1.4671906e+00   1.5111198e+00   1.5541517e+00   1.5963176e+00   1.6376599e+00   1.6782410e+00   1.7181528e+00   1.7575275e+00   1.7965490e+00   1.8354670e+00   1.8746134e+00   1.9144217e+00   1.9554528e+00   1.9984262e+00
   1.3789763e+00   1.4247814e+00   1.4696097e+00   1.5134965e+00   1.5564719e+00   1.5985687e+00   1.6398306e+00   1.6803215e+00   1.7201346e+00   1.7594029e+00   1.7983114e+00   1.8371101e+00   1.8761309e+00   1.9158072e+00   1.9566985e+00   1.9995225e+00
   1.3814135e+00   1.4272088e+00   1.4720103e+00   1.5158547e+00   1.5587736e+00   1.6008012e+00   1.6419829e+00   1.6823838e+00   1.7220982e+00   1.7612603e+00   1.8000558e+00   1.8387352e+00   1.8776306e+00   1.9171748e+00   1.9579262e+00   2.0006005e+00
   1.3838327e+00   1.4296181e+00   1.4743925e+00   1.5181944e+00   1.5610568e+00   1.6030154e+00   1.6441169e+00   1.6844278e+00   1.7240437e+00   1.7630997e+00   1.8017824e+00   1.8403427e+00   1.8791127e+00   1.9185247e+00   1.9591361e+00   2.0016603e+00
   1.3862339e+00   1.4320092e+00   1.4767566e+00   1.5205159e+00   1.5633218e+00   1.6052114e+00   1.6462328e+00   1.6864538e+00   1.7259713e+00   1.7649214e+00   1.8034913e+00   1.8419326e+00   1.8805772e+00   1.9198570e+00   1.9603282e+00   2.0027021e+00
   1.3886173e+00   1.4343823e+00   1.4791025e+00   1.5228193e+00   1.5655686e+00   1.6073892e+00   1.6483306e+00   1.6884619e+00   1.7278811e+00   1.7667254e+00   1.8051827e+00   1.8435051e+00   1.8820243e+00   1.9211719e+00   1.9615027e+00   2.0037260e+00
   1.3909828e+00   1.4367375e+00   1.4814305e+00   1.5251046e+00   1.5677974e+00   1.6095491e+00   1.6504106e+00   1.6904523e+00   1.7297733e+00   1.7685120e+00   1.8068568e+00   1.8450602e+00   1.8834542e+00   1.9224695e+00   1.9626598e+00   2.0047321e+00
   1.3933307e+00   1.4390749e+00   1.4837406e+00   1.5273720e+00   1.5700084e+00   1.6116912e+00   1.6524728e+00   1.6924250e+00   1.7316480e+00   1.7702811e+00   1.8085136e+00   1.8465983e+00   1.8848670e+00   1.9237500e+00   1.9637995e+00   2.0057206e+00
   1.3956611e+00   1.4413947e+00   1.4860329e+00   1.5296217e+00   1.5722015e+00   1.6138155e+00   1.6545174e+00   1.6943802e+00   1.7335054e+00   1.7720331e+00   1.8101534e+00   1.8481193e+00   1.8862629e+00   1.9250135e+00   1.9649222e+00   2.0066917e+00
   1.3979739e+00   1.4436968e+00   1.4883076e+00   1.5318536e+00   1.5743770e+00   1.6159223e+00   1.6565445e+00   1.6963180e+00   1.7353455e+00   1.7737680e+00   1.8117761e+00   1.8496236e+00   1.8876419e+00   1.9262601e+00   1.9660278e+00   2.0076454e+00
   1.4002694e+00   1.4459814e+00   1.4905647e+00   1.5340680e+00   1.5765350e+00   1.6180115e+00   1.6585542e+00   1.6982386e+00   1.7371685e+00   1.7754859e+00   1.8133821e+00   1.8511110e+00   1.8890043e+00   1.9274900e+00   1.9671165e+00   2.0085820e+00
   1.4025476e+00   1.4482487e+00   1.4928043e+00   1.5362649e+00   1.5786755e+00   1.6200835e+00   1.6605467e+00   1.7001422e+00   1.7389746e+00   1.7771870e+00   1.8149714e+00   1.8525820e+00   1.8903501e+00   1.9287034e+00   1.9681885e+00   2.0095015e+00
   1.4048086e+00   1.4504987e+00   1.4950267e+00   1.5384445e+00   1.5807987e+00   1.6221382e+00   1.6625221e+00   1.7020287e+00   1.7407639e+00   1.7788715e+00   1.8165442e+00   1.8540364e+00   1.8916795e+00   1.9299002e+00   1.9692440e+00   2.0104041e+00
   1.4070525e+00   1.4527315e+00   1.4972318e+00   1.5406069e+00   1.5829048e+00   1.6241758e+00   1.6644805e+00   1.7038984e+00   1.7425364e+00   1.7805394e+00   1.8181005e+00   1.8554746e+00   1.8929927e+00   1.9310808e+00   1.9702829e+00   2.0112900e+00
   1.4092794e+00   1.4549472e+00   1.4994198e+00   1.5427522e+00   1.5849938e+00   1.6261964e+00   1.6664221e+00   1.7057513e+00   1.7442924e+00   1.7821909e+00   1.8196406e+00   1.8568966e+00   1.8942897e+00   1.9322452e+00   1.9713056e+00   2.0121593e+00
   1.4114894e+00   1.4571459e+00   1.5015908e+00   1.5448804e+00   1.5870658e+00   1.6282002e+00   1.6683469e+00   1.7075877e+00   1.7460320e+00   1.7838261e+00   1.8211645e+00   1.8583025e+00   1.8955707e+00   1.9333936e+00   1.9723120e+00   2.0130120e+00
   1.4136826e+00   1.4593277e+00   1.5037448e+00   1.5469918e+00   1.5891211e+00   1.6301873e+00   1.6702551e+00   1.7094076e+00   1.7477552e+00   1.7854451e+00   1.8226725e+00   1.8596925e+00   1.8968359e+00   1.9345261e+00   1.9733024e+00   2.0138485e+00
   1.4158591e+00   1.4614928e+00   1.5058821e+00   1.5490864e+00   1.5911596e+00   1.6321577e+00   1.6721468e+00   1.7112112e+00   1.7494623e+00   1.7870482e+00   1.8241645e+00   1.8610668e+00   1.8980853e+00   1.9356428e+00   1.9742769e+00   2.0146686e+00
   1.4180189e+00   1.4636412e+00   1.5080027e+00   1.5511643e+00   1.5931814e+00   1.6341116e+00   1.6740221e+00   1.7129986e+00   1.7511533e+00   1.7886353e+00   1.8256408e+00   1.8624254e+00   1.8993191e+00   1.9367438e+00   1.9752356e+00   2.0154727e+00
   1.4201623e+00   1.4657730e+00   1.5101066e+00   1.5532256e+00   1.5951868e+00   1.6360491e+00   1.6758812e+00   1.7147698e+00   1.7528284e+00   1.7902067e+00   1.8271014e+00   1.8637684e+00   1.9005374e+00   1.9378293e+00   1.9761785e+00   2.0162609e+00
   1.4222891e+00   1.4678883e+00   1.5121941e+00   1.5552705e+00   1.5971758e+00   1.6379704e+00   1.6777242e+00   1.7165251e+00   1.7544876e+00   1.7917624e+00   1.8285465e+00   1.8650961e+00   1.9017404e+00   1.9388995e+00   1.9771060e+00   2.0170332e+00
   1.4243997e+00   1.4699872e+00   1.5142652e+00   1.5572990e+00   1.5991486e+00   1.6398755e+00   1.6795511e+00   1.7182645e+00   1.7561312e+00   1.7933025e+00   1.8299762e+00   1.8664085e+00   1.9029281e+00   1.9399543e+00   1.9780180e+00   2.0177897e+00
   1.4264939e+00   1.4720698e+00   1.5163200e+00   1.5593113e+00   1.6011052e+00   1.6417645e+00   1.6813621e+00   1.7199881e+00   1.7577592e+00   1.7948273e+00   1.8313907e+00   1.8677057e+00   1.9041007e+00   1.9409940e+00   1.9789148e+00   2.0185307e+00
   1.4285720e+00   1.4741362e+00   1.5183586e+00   1.5613075e+00   1.6030457e+00   1.6436376e+00   1.6831573e+00   1.7216962e+00   1.7593717e+00   1.7963368e+00   1.8327900e+00   1.8689878e+00   1.9052583e+00   1.9420187e+00   1.9797963e+00   2.0192563e+00
   1.4306340e+00   1.4761865e+00   1.5203810e+00   1.5632876e+00   1.6049702e+00   1.6454949e+00   1.6849369e+00   1.7233887e+00   1.7609689e+00   1.7978311e+00   1.8341743e+00   1.8702551e+00   1.9064011e+00   1.9430285e+00   1.9806628e+00   2.0199665e+00
   1.4326800e+00   1.4782208e+00   1.5223875e+00   1.5652517e+00   1.6068790e+00   1.6473365e+00   1.6867009e+00   1.7250658e+00   1.7625509e+00   1.7993103e+00   1.8355437e+00   1.8715076e+00   1.9075291e+00   1.9440234e+00   1.9815144e+00   2.0206614e+00
   1.4347101e+00   1.4802391e+00   1.5243781e+00   1.5672001e+00   1.6087719e+00   1.6491625e+00   1.6884494e+00   1.7267277e+00   1.7641177e+00   1.8007746e+00   1.8368983e+00   1.8727453e+00   1.9086425e+00   1.9450038e+00   1.9823512e+00   2.0213413e+00
   1.4367244e+00   1.4822417e+00   1.5263529e+00   1.5691327e+00   1.6106493e+00   1.6509729e+00   1.6901826e+00   1.7283744e+00   1.7656696e+00   1.8022241e+00   1.8382383e+00   1.8739685e+00   1.9097413e+00   1.9459695e+00   1.9831733e+00   2.0220062e+00
   1.4387230e+00   1.4842284e+00   1.5283120e+00   1.5710496e+00   1.6125111e+00   1.6527680e+00   1.6919006e+00   1.7300060e+00   1.7672066e+00   1.8036589e+00   1.8395637e+00   1.8751773e+00   1.9108258e+00   1.9469209e+00   1.9839808e+00   2.0226563e+00
   1.4407059e+00   1.4861996e+00   1.5302555e+00   1.5729510e+00   1.6143575e+00   1.6545478e+00   1.6936034e+00   1.7316227e+00   1.7687289e+00   1.8050791e+00   1.8408746e+00   1.8763717e+00   1.9118959e+00   1.9478579e+00   1.9847738e+00   2.0232915e+00
   1.4426732e+00   1.4881552e+00   1.5321835e+00   1.5748370e+00   1.6161886e+00   1.6563124e+00   1.6952912e+00   1.7332245e+00   1.7702365e+00   1.8064848e+00   1.8421712e+00   1.8775519e+00   1.9129519e+00   1.9487807e+00   1.9855525e+00   2.0239122e+00
   1.4446251e+00   1.4900953e+00   1.5340961e+00   1.5767077e+00   1.6180045e+00   1.6580619e+00   1.6969642e+00   1.7348117e+00   1.7717295e+00   1.8078762e+00   1.8434536e+00   1.8787180e+00   1.9139939e+00   1.9496894e+00   1.9863170e+00   2.0245184e+00
   1.4465616e+00   1.4920200e+00   1.5359933e+00   1.5785631e+00   1.6198052e+00   1.6597965e+00   1.6986223e+00   1.7363842e+00   1.7732081e+00   1.8092533e+00   1.8447218e+00   1.8798701e+00   1.9150219e+00   1.9505841e+00   1.9870673e+00   2.0251101e+00
   1.4484828e+00   1.4939295e+00   1.5378753e+00   1.5804034e+00   1.6215910e+00   1.6615162e+00   1.7002657e+00   1.7379421e+00   1.7746724e+00   1.8106162e+00   1.8459761e+00   1.8810083e+00   1.9160360e+00   1.9514650e+00   1.9878036e+00   2.0256876e+00
   1.4503888e+00   1.4958238e+00   1.5397421e+00   1.5822286e+00   1.6233618e+00   1.6632212e+00   1.7018945e+00   1.7394857e+00   1.7761224e+00   1.8119651e+00   1.8472165e+00   1.8821328e+00   1.9170364e+00   1.9523321e+00   1.9885260e+00   2.0262508e+00
   1.4522796e+00   1.4977029e+00   1.5415940e+00   1.5840389e+00   1.6251178e+00   1.6649114e+00   1.7035089e+00   1.7410150e+00   1.7775584e+00   1.8133001e+00   1.8484431e+00   1.8832435e+00   1.9180232e+00   1.9531855e+00   1.9892347e+00   2.0268001e+00
   1.4541554e+00   1.4995671e+00   1.5434308e+00   1.5858343e+00   1.6268591e+00   1.6665871e+00   1.7051089e+00   1.7425301e+00   1.7789803e+00   1.8146212e+00   1.8496560e+00   1.8843407e+00   1.9189965e+00   1.9540255e+00   1.9899296e+00   2.0273353e+00
   1.4560162e+00   1.5014162e+00   1.5452528e+00   1.5876150e+00   1.6285857e+00   1.6682484e+00   1.7066945e+00   1.7440311e+00   1.7803884e+00   1.8159286e+00   1.8508554e+00   1.8854244e+00   1.9199564e+00   1.9548519e+00   1.9906110e+00   2.0278567e+00
   1.4578621e+00   1.5032506e+00   1.5470600e+00   1.5893810e+00   1.6302978e+00   1.6698953e+00   1.7082660e+00   1.7455181e+00   1.7817826e+00   1.8172224e+00   1.8520413e+00   1.8864948e+00   1.9209029e+00   1.9556650e+00   1.9912789e+00   2.0283644e+00
   1.4596932e+00   1.5050702e+00   1.5488525e+00   1.5911325e+00   1.6319955e+00   1.6715279e+00   1.7098234e+00   1.7469912e+00   1.7831632e+00   1.8185027e+00   1.8532138e+00   1.8875519e+00   1.9218363e+00   1.9564649e+00   1.9919334e+00   2.0288584e+00
   1.4615096e+00   1.5068751e+00   1.5506305e+00   1.5928694e+00   1.6336789e+00   1.6731463e+00   1.7113669e+00   1.7484505e+00   1.7845301e+00   1.8197695e+00   1.8543730e+00   1.8885959e+00   1.9227566e+00   1.9572517e+00   1.9925747e+00   2.0293389e+00
   1.4633114e+00   1.5086654e+00   1.5523939e+00   1.5945920e+00   1.6353480e+00   1.6747507e+00   1.7128964e+00   1.7498962e+00   1.7858836e+00   1.8210231e+00   1.8555192e+00   1.8896268e+00   1.9236639e+00   1.9580255e+00   1.9932028e+00   2.0298060e+00
   1.4650985e+00   1.5104412e+00   1.5541429e+00   1.5963002e+00   1.6370029e+00   1.6763411e+00   1.7144122e+00   1.7513282e+00   1.7872236e+00   1.8222634e+00   1.8566522e+00   1.8906448e+00   1.9245582e+00   1.9587863e+00   1.9938178e+00   2.0302597e+00
   1.4668712e+00   1.5122025e+00   1.5558776e+00   1.5979943e+00   1.6386438e+00   1.6779176e+00   1.7159142e+00   1.7527468e+00   1.7885504e+00   1.8234906e+00   1.8577723e+00   1.8916500e+00   1.9254398e+00   1.9595343e+00   1.9944199e+00   2.0307002e+00
   1.4686295e+00   1.5139496e+00   1.5575980e+00   1.5996742e+00   1.6402708e+00   1.6794803e+00   1.7174027e+00   1.7541519e+00   1.7898639e+00   1.8247048e+00   1.8588795e+00   1.8926423e+00   1.9263087e+00   1.9602696e+00   1.9950092e+00   2.0311276e+00
   1.4703735e+00   1.5156823e+00   1.5593043e+00   1.6013401e+00   1.6418838e+00   1.6810294e+00   1.7188777e+00   1.7555438e+00   1.7911644e+00   1.8259061e+00   1.8599740e+00   1.8936221e+00   1.9271650e+00   1.9609922e+00   1.9955857e+00   2.0315420e+00
   1.4721032e+00   1.5174009e+00   1.5609965e+00   1.6029921e+00   1.6434831e+00   1.6825648e+00   1.7203392e+00   1.7569224e+00   1.7924518e+00   1.8270945e+00   1.8610558e+00   1.8945893e+00   1.9280088e+00   1.9617023e+00   1.9961495e+00   2.0319434e+00
   1.4738187e+00   1.5191054e+00   1.5626746e+00   1.6046302e+00   1.6450687e+00   1.6840867e+00   1.7217875e+00   1.7582879e+00   1.7937264e+00   1.8282702e+00   1.8621250e+00   1.8955440e+00   1.9288402e+00   1.9624000e+00   1.9967007e+00   2.0323320e+00
   1.4755201e+00   1.5207959e+00   1.5643389e+00   1.6062545e+00   1.6466407e+00   1.6855952e+00   1.7232225e+00   1.7596405e+00   1.7949881e+00   1.8294333e+00   1.8631817e+00   1.8964864e+00   1.9296593e+00   1.9630854e+00   1.9972395e+00   2.0327079e+00
   1.4772076e+00   1.5224724e+00   1.5659894e+00   1.6078651e+00   1.6481991e+00   1.6870904e+00   1.7246444e+00   1.7609801e+00   1.7962371e+00   1.8305839e+00   1.8642261e+00   1.8974165e+00   1.9304661e+00   1.9637585e+00   1.9977659e+00   2.0330712e+00
   1.4788811e+00   1.5241351e+00   1.5676261e+00   1.6094622e+00   1.6497442e+00   1.6885723e+00   1.7260532e+00   1.7623068e+00   1.7974735e+00   1.8317220e+00   1.8652582e+00   1.8983344e+00   1.9312609e+00   1.9644195e+00   1.9982801e+00   2.0334219e+00
   1.4805407e+00   1.5257840e+00   1.5692492e+00   1.6110457e+00   1.6512758e+00   1.6900411e+00   1.7274492e+00   1.7636208e+00   1.7986973e+00   1.8328478e+00   1.8662781e+00   1.8992402e+00   1.9320436e+00   1.9650684e+00   1.9987820e+00   2.0337602e+00
   1.4821865e+00   1.5274192e+00   1.5708586e+00   1.6126158e+00   1.6527943e+00   1.6914968e+00   1.7288322e+00   1.7649222e+00   1.7999087e+00   1.8339613e+00   1.8672859e+00   1.9001341e+00   1.9328144e+00   1.9657053e+00   1.9992719e+00   2.0340862e+00
   1.4838186e+00   1.5290407e+00   1.5724546e+00   1.6141726e+00   1.6542995e+00   1.6929395e+00   1.7302025e+00   1.7662110e+00   1.8011077e+00   1.8350626e+00   1.8682816e+00   1.9010160e+00   1.9335733e+00   1.9663304e+00   1.9997498e+00   2.0343999e+00
   1.4854371e+00   1.5306488e+00   1.5740372e+00   1.6157161e+00   1.6557917e+00   1.6943694e+00   1.7315601e+00   1.7674874e+00   1.8022945e+00   1.8361519e+00   1.8692655e+00   1.9018862e+00   1.9343205e+00   1.9669437e+00   2.0002157e+00   2.0347014e+00
   1.4870420e+00   1.5322433e+00   1.5756064e+00   1.6172464e+00   1.6572709e+00   1.6957864e+00   1.7329051e+00   1.7687513e+00   1.8034691e+00   1.8372291e+00   1.8702375e+00   1.9027446e+00   1.9350560e+00   1.9675453e+00   2.0006699e+00   2.0349908e+00
   1.4886334e+00   1.5338245e+00   1.5771624e+00   1.6187636e+00   1.6587372e+00   1.6971908e+00   1.7342376e+00   1.7700030e+00   1.8046315e+00   1.8382945e+00   1.8711978e+00   1.9035914e+00   1.9357799e+00   1.9681353e+00   2.0011123e+00   2.0352683e+00
