   0.0000000e+00   0.0000000e+00   0.0000000e+00   0.0000000e+00   0.0000000e+00   0.0000000e+00   0.0000000e+00   0.0000000e+00   0.0000000e+00   0.0000000e+00   0.0000000e+00   0.0000000e+00   0.0000000e+00   0.0000000e+00   0.0000000e+00   0.0000000e+00
   3.3254343e-03   3.6016457e-03   3.8395172e-03   4.1082883e-03   4.4034607e-03   4.6601624e-03   4.9961481e-03   5.3155074e-03   5.7038728e-03   6.1031167e-03   6.5454664e-03   6.9672010e-03   7.5093401e-03   7.9470203e-03   8.5236228e-03   9.1808425e-03
   6.6253902e-03   7.1101977e-03   7.6284776e-03   8.1134942e-03   8.7844126e-03   9.3682886e-03   9.9753458e-03   1.0649825e-02   1.1474011e-02   1.2292222e-02   1.2929588e-02   1.4035599e-02   1.4895544e-02   1.5957046e-02   1.6931949e-02   1.8109270e-02
   9.7676853e-03   1.0771947e-02   1.1409922e-02   1.2276283e-02   1.2964426e-02   1.4093492e-02   1.4918845e-02   1.5924254e-02   1.6932649e-02   1.8102074e-02   1.9345737e-02   2.0999808e-02   2.2263257e-02   2.3852566e-02   2.5452674e-02   2.7044382e-02
   1.2879649e-02   1.4266188e-02   1.5236922e-02   1.6336285e-02   1.7393901e-02   1.8831430e-02   2.0060438e-02   2.1282682e-02   2.2806436e-02   2.4472314e-02   2.5792281e-02   2.7703547e-02   2.9410922e-02   3.1875569e-02   3.3962046e-02   3.6508111e-02
   1.6219793e-02   1.7695601e-02   1.9034260e-02   2.0538861e-02   2.1632460e-02   2.3144159e-02   2.4960227e-02   2.6861150e-02   2.8290453e-02   3.0684503e-02   3.2738461e-02   3.4970035e-02   3.7157837e-02   3.9756276e-02   4.2421395e-02   4.5655473e-02
   1.8978489e-02   2.1278904e-02   2.2807121e-02   2.4634897e-02   2.6088494e-02   2.7964329e-02   3.0135331e-02   3.2209796e-02   3.4332750e-02   3.6210682e-02   3.8565204e-02   4.1964463e-02   4.4617208e-02   4.7787563e-02   5.0259334e-02   5.4235200e-02
   2.2013574e-02   2.4643738e-02   2.6518155e-02   2.8295307e-02   3.0788200e-02   3.2786911e-02   3.4791457e-02   3.7042794e-02   3.9428194e-02   4.2200072e-02   4.5499679e-02   4.8924235e-02   5.1715315e-02   5.5350891e-02   5.9654301e-02   6.2858472e-02
   2.5002679e-02   2.8168730e-02   3.0428158e-02   3.2427706e-02   3.5010831e-02   3.7561173e-02   3.9864188e-02   4.2388675e-02   4.5593483e-02   4.8347894e-02   5.1661895e-02   5.5307632e-02   5.8811500e-02   6.3544461e-02   6.7196160e-02   7.2576518e-02
   2.8084240e-02   3.1611143e-02   3.3859088e-02   3.6322883e-02   3.8809791e-02   4.2092327e-02   4.5130778e-02   4.7764764e-02   5.1040180e-02   5.4870558e-02   5.8742798e-02   6.1896255e-02   6.6632886e-02   7.0689867e-02   7.5141163e-02   8.0966117e-02
   3.1136404e-02   3.4839840e-02   3.7406526e-02   4.0614475e-02   4.3708715e-02   4.6247552e-02   4.9382058e-02   5.2646756e-02   5.7025921e-02   6.0611858e-02   6.4846280e-02   6.8780549e-02   7.3512014e-02   7.8374909e-02   8.4588016e-02   9.0876883e-02
   3.3892517e-02   3.8074189e-02   4.1050930e-02   4.4228326e-02   4.7546473e-02   5.1358417e-02   5.4788694e-02   5.8901229e-02   6.2889917e-02   6.5934845e-02   7.0595917e-02   7.5712514e-02   8.1529226e-02   8.6797210e-02   9.1694589e-02   9.9139963e-02
   3.7409553e-02   4.1482511e-02   4.4666853e-02   4.8668155e-02   5.2614588e-02   5.5310789e-02   5.9671564e-02   6.3637976e-02   6.8524181e-02   7.3203542e-02   7.7907220e-02   8.2663298e-02   8.7842314e-02   9.3461471e-02   1.0166442e-01   1.0811188e-01
   4.0211155e-02   4.4648562e-02   4.9084047e-02   5.2691647e-02   5.6037182e-02   5.9771263e-02   6.4246235e-02   6.9060134e-02   7.3355788e-02   7.8782111e-02   8.4008162e-02   9.0040425e-02   9.5669751e-02   1.0223463e-01   1.0832748e-01   1.1752791e-01
   4.3093445e-02   4.8388793e-02   5.2239495e-02   5.6844460e-02   6.0305322e-02   6.5109460e-02   7.0082953e-02   7.4192363e-02   7.8649646e-02   8.4065199e-02   9.1086496e-02   9.6942719e-02   1.0195893e-01   1.0967128e-01   1.1686090e-01   1.2429256e-01
   4.5652353e-02   5.1038107e-02   5.6468137e-02   6.0816045e-02   6.4817007e-02   6.8917965e-02   7.4958615e-02   7.9167427e-02   8.5551385e-02   9.1081247e-02   9.6047159e-02   1.0241609e-01   1.1095747e-01   1.1813018e-01   1.2470577e-01   1.3307675e-01
   4.8703578e-02   5.4197403e-02   5.9640923e-02   6.4728035e-02   6.9717571e-02   7.4009962e-02   7.9158477e-02   8.4166394e-02   9.0039714e-02   9.6292108e-02   1.0223302e-01   1.0908315e-01   1.1838765e-01   1.2553331e-01   1.3277984e-01   1.4350887e-01
   5.1299821e-02   5.7548304e-02   6.3782116e-02   6.8508405e-02   7.3948036e-02   7.9371026e-02   8.3762380e-02   8.9373057e-02   9.6186404e-02   1.0334699e-01   1.0870241e-01   1.1737035e-01   1.2561037e-01   1.3336874e-01   1.4154262e-01   1.5041018e-01
   5.4231542e-02   6.1116360e-02   6.6708312e-02   7.1889882e-02   7.7129866e-02   8.3074620e-02   8.8394113e-02   9.5881604e-02   1.0225019e-01   1.0794471e-01   1.1520279e-01   1.2293964e-01   1.3146002e-01   1.4007234e-01   1.5041409e-01   1.6087970e-01
   5.7221400e-02   6.4289796e-02   6.9849869e-02   7.6673257e-02   8.2475319e-02   8.7318283e-02   9.3208835e-02   1.0010193e-01   1.0728300e-01   1.1524221e-01   1.2219692e-01   1.3048342e-01   1.3922058e-01   1.4707044e-01   1.5971249e-01   1.6978563e-01
   5.9969953e-02   6.7444118e-02   7.3638733e-02   8.0796532e-02   8.6830911e-02   9.1591339e-02   9.9447707e-02   1.0541714e-01   1.1251838e-01   1.2133443e-01   1.2812985e-01   1.3738789e-01   1.4582875e-01   1.5484349e-01   1.6641294e-01   1.7706935e-01
   6.2755398e-02   7.0377882e-02   7.8102473e-02   8.4651690e-02   9.1059586e-02   9.7248419e-02   1.0307427e-01   1.1153116e-01   1.1844191e-01   1.2652261e-01   1.3409540e-01   1.4370283e-01   1.5282762e-01   1.6262660e-01   1.7412988e-01   1.8615493e-01
   6.4626579e-02   7.3326997e-02   8.0619599e-02   8.8572998e-02   9.4653029e-02   1.0177290e-01   1.0767669e-01   1.1613986e-01   1.2458517e-01   1.3239021e-01   1.4225689e-01   1.4971497e-01   1.6101281e-01   1.7084007e-01   1.8167194e-01   1.9590520e-01
   6.7301702e-02   7.7207999e-02   8.5074107e-02   9.0942161e-02   9.8637953e-02   1.0527050e-01   1.1321757e-01   1.2163229e-01   1.2932493e-01   1.3876885e-01   1.4711687e-01   1.5636768e-01   1.6787147e-01   1.7944326e-01   1.8975629e-01   2.0530495e-01
   7.0418348e-02   7.8993129e-02   8.7414260e-02   9.6115022e-02   1.0221534e-01   1.1078507e-01   1.1862608e-01   1.2750159e-01   1.3403521e-01   1.4382467e-01   1.5216271e-01   1.6327642e-01   1.7391129e-01   1.8643091e-01   1.9974092e-01   2.1181460e-01
   7.3074913e-02   8.2267154e-02   9.0763349e-02   1.0027070e-01   1.0665731e-01   1.1562084e-01   1.2193306e-01   1.3234476e-01   1.3993216e-01   1.5033209e-01   1.6079402e-01   1.6892427e-01   1.8019706e-01   1.9333482e-01   2.0605288e-01   2.2042304e-01
   7.5524889e-02   8.5254622e-02   9.3922243e-02   1.0330241e-01   1.1085923e-01   1.1848338e-01   1.2789141e-01   1.3636199e-01   1.4709279e-01   1.5616812e-01   1.6513694e-01   1.7802809e-01   1.8769373e-01   1.9938518e-01   2.1275247e-01   2.2777391e-01
   7.7805520e-02   8.9546909e-02   9.7827264e-02   1.0673661e-01   1.1440159e-01   1.2353670e-01   1.3235672e-01   1.4110839e-01   1.5012057e-01   1.5996317e-01   1.7316341e-01   1.8457795e-01   1.9612595e-01   2.1052249e-01   2.2357866e-01   2.3956203e-01
   8.0391990e-02   9.1403646e-02   1.0078525e-01   1.1055475e-01   1.1898184e-01   1.2826658e-01   1.3769921e-01   1.4616425e-01   1.5753432e-01   1.6748352e-01   1.7746005e-01   1.9168707e-01   2.0365573e-01   2.1453025e-01   2.3155377e-01   2.4511259e-01
   8.2926861e-02   9.4721166e-02   1.0585619e-01   1.1443547e-01   1.2382327e-01   1.3384079e-01   1.4239254e-01   1.5258755e-01   1.6244164e-01   1.7339380e-01   1.8485342e-01   1.9649243e-01   2.0897806e-01   2.2319290e-01   2.3646878e-01   2.5604280e-01
   8.5427053e-02   9.7311814e-02   1.0875652e-01   1.1801158e-01   1.2848549e-01   1.3619612e-01   1.4664245e-01   1.5809714e-01   1.6818287e-01   1.7891068e-01   1.8891217e-01   2.0328989e-01   2.1886266e-01   2.3288328e-01   2.4666369e-01   2.6283709e-01
   8.8886178e-02   1.0134643e-01   1.1148850e-01   1.2209443e-01   1.3166830e-01   1.4242160e-01   1.5310131e-01   1.6325548e-01   1.7176430e-01   1.8336444e-01   1.9526826e-01   2.0845513e-01   2.2445582e-01   2.3958435e-01   2.5481703e-01   2.7319333e-01
   9.0940958e-02   1.0420266e-01   1.1612634e-01   1.2646978e-01   1.3649464e-01   1.4647641e-01   1.5675248e-01   1.6607931e-01   1.7841355e-01   1.9170104e-01   2.0471053e-01   2.1493991e-01   2.3223200e-01   2.4595213e-01   2.6155500e-01   2.8090501e-01
   9.2919895e-02   1.0738102e-01   1.1853533e-01   1.2816153e-01   1.3871354e-01   1.5183991e-01   1.5992524e-01   1.7282633e-01   1.8501712e-01   1.9527358e-01   2.1092797e-01   2.2176691e-01   2.3706419e-01   2.5437933e-01   2.7030557e-01   2.8701823e-01
   9.7066390e-02   1.0858649e-01   1.2151767e-01   1.3240628e-01   1.4506864e-01   1.5343256e-01   1.6467772e-01   1.7818850e-01   1.8795198e-01   2.0014402e-01   2.1670396e-01   2.2795166e-01   2.4647988e-01   2.5915306e-01   2.8029861e-01   2.9396834e-01
   9.8432235e-02   1.1191985e-01   1.2481591e-01   1.3659447e-01   1.4738651e-01   1.5765680e-01   1.7005979e-01   1.8302792e-01   1.9471786e-01   2.0744738e-01   2.1936009e-01   2.3587682e-01   2.5055376e-01   2.6749514e-01   2.8816468e-01   3.0281700e-01
   1.0089911e-01   1.1455870e-01   1.2805028e-01   1.3934465e-01   1.5073919e-01   1.6451442e-01   1.7410711e-01   1.8899403e-01   2.0135202e-01   2.1384858e-01   2.2613613e-01   2.4077786e-01   2.5866032e-01   2.7356477e-01   2.9651384e-01   3.1591005e-01
   1.0426778e-01   1.1884838e-01   1.3106470e-01   1.4282143e-01   1.5638805e-01   1.6878548e-01   1.7873323e-01   1.9224937e-01   2.0628674e-01   2.2014372e-01   2.3559620e-01   2.5011391e-01   2.6545492e-01   2.8478380e-01   3.0061721e-01   3.2267428e-01
   1.0631440e-01   1.2043123e-01   1.3493588e-01   1.4744700e-01   1.6088866e-01   1.7069475e-01   1.8404630e-01   1.9716713e-01   2.1207526e-01   2.2504972e-01   2.4159581e-01   2.5715500e-01   2.7068743e-01   2.8852869e-01   3.1082022e-01   3.3184650e-01
   1.0917536e-01   1.2479522e-01   1.3696163e-01   1.5250900e-01   1.6250845e-01   1.7551169e-01   1.8986037e-01   2.0317394e-01   2.1836878e-01   2.3042297e-01   2.4772989e-01   2.6377424e-01   2.8042567e-01   2.9498409e-01   3.1510622e-01   3.3628512e-01
   1.1066653e-01   1.2751121e-01   1.4172463e-01   1.5371752e-01   1.6954120e-01   1.8198098e-01   1.9227957e-01   2.0874758e-01   2.2323239e-01   2.3559656e-01   2.5027460e-01   2.6688343e-01   2.8791589e-01   3.0649324e-01   3.2514821e-01   3.4511200e-01
   1.1393461e-01   1.3049381e-01   1.4572092e-01   1.5775331e-01   1.7139444e-01   1.8695326e-01   1.9871879e-01   2.1298490e-01   2.2664648e-01   2.4338955e-01   2.5540472e-01   2.7575884e-01   2.9327909e-01   3.1049436e-01   3.3416843e-01   3.5666593e-01
   1.1611203e-01   1.3218238e-01   1.4660939e-01   1.6176325e-01   1.7446765e-01   1.8846271e-01   2.0318290e-01   2.1680162e-01   2.3377523e-01   2.4655533e-01   2.6641949e-01   2.7997125e-01   2.9787926e-01   3.2014875e-01   3.4246806e-01   3.5888892e-01
   1.1786612e-01   1.3399352e-01   1.5126236e-01   1.6623056e-01   1.8037101e-01   1.9553437e-01   2.0659651e-01   2.2129546e-01   2.3966487e-01   2.5090461e-01   2.7003915e-01   2.8938888e-01   3.0538596e-01   3.2809138e-01   3.4908745e-01   3.6726667e-01
   1.2031065e-01   1.3816778e-01   1.5323142e-01   1.7014946e-01   1.8506709e-01   1.9840826e-01   2.1341934e-01   2.2636597e-01   2.4099828e-01   2.5701410e-01   2.7338219e-01   2.9278880e-01   3.1474810e-01   3.3040404e-01   3.5410321e-01   3.8173614e-01
   1.2312786e-01   1.4058511e-01   1.5851030e-01   1.7347997e-01   1.8804294e-01   2.0127730e-01   2.1780583e-01   2.3249268e-01   2.4931191e-01   2.6714864e-01   2.8378355e-01   2.9926203e-01   3.1973866e-01   3.4179740e-01   3.5961220e-01   3.8346559e-01
   1.2430709e-01   1.4345371e-01   1.5939027e-01   1.7754947e-01   1.9036960e-01   2.0591282e-01   2.2376848e-01   2.3713738e-01   2.5503651e-01   2.6767722e-01   2.8778256e-01   3.0829921e-01   3.2348600e-01   3.5056382e-01   3.6976991e-01   3.9755374e-01
   1.2639335e-01   1.4518487e-01   1.6431532e-01   1.7819629e-01   1.9372977e-01   2.1134915e-01   2.2604024e-01   2.4277022e-01   2.5738316e-01   2.7347609e-01   2.9653091e-01   3.1208914e-01   3.3452924e-01   3.5589249e-01   3.7608062e-01   4.0279683e-01
   1.2938713e-01   1.5002650e-01   1.6569262e-01   1.8250718e-01   1.9928372e-01   2.1680575e-01   2.3295855e-01   2.4952974e-01   2.6613535e-01   2.7879403e-01   2.9884892e-01   3.1990919e-01   3.3863119e-01   3.6249444e-01   3.8202819e-01   4.1357432e-01
   1.3174204e-01   1.5148082e-01   1.7000701e-01   1.8730537e-01   2.0295080e-01   2.1848691e-01   2.3403263e-01   2.5374063e-01   2.6895011e-01   2.8548045e-01   3.0548627e-01   3.2442184e-01   3.4567588e-01   3.7239082e-01   3.9475740e-01   4.1586113e-01
   1.3570788e-01   1.5348468e-01   1.7267824e-01   1.9049604e-01   2.0700284e-01   2.2444868e-01   2.3802039e-01   2.5718207e-01   2.7206082e-01   2.9223201e-01   3.1339403e-01   3.3212048e-01   3.5475709e-01   3.7304620e-01   3.9799110e-01   4.2860573e-01
   1.3715134e-01   1.5691311e-01   1.7421579e-01   1.9537460e-01   2.1212843e-01   2.2635615e-01   2.4503422e-01   2.6278161e-01   2.8153863e-01   2.9859622e-01   3.2026753e-01   3.3660821e-01   3.5937441e-01   3.8240854e-01   4.1073398e-01   4.3128952e-01
   1.3910877e-01   1.6111098e-01   1.7902546e-01   1.9745820e-01   2.1460914e-01   2.3276731e-01   2.5070292e-01   2.6782513e-01   2.8424131e-01   3.0627206e-01   3.2286481e-01   3.4239493e-01   3.6561169e-01   3.8696259e-01   4.1492215e-01   4.3912558e-01
   1.4229578e-01   1.6282324e-01   1.8177393e-01   1.9914584e-01   2.1913925e-01   2.3704527e-01   2.5333846e-01   2.7007710e-01   2.8867668e-01   3.0941512e-01   3.2943163e-01   3.4810173e-01   3.7592536e-01   3.9761227e-01   4.2508848e-01   4.5249212e-01
   1.4456844e-01   1.6395278e-01   1.8663366e-01   2.0248937e-01   2.2156004e-01   2.3811841e-01   2.6013403e-01   2.7417100e-01   2.9600559e-01   3.1278332e-01   3.3808888e-01   3.5743664e-01   3.7985437e-01   4.0718522e-01   4.2728557e-01   4.5421771e-01
   1.4431578e-01   1.6770729e-01   1.8757486e-01   2.0613177e-01   2.2673195e-01   2.4208832e-01   2.6126946e-01   2.8182019e-01   3.0233033e-01   3.2219236e-01   3.4120957e-01   3.6259572e-01   3.8624879e-01   4.0845965e-01   4.3769460e-01   4.6434160e-01
   1.4682231e-01   1.6936460e-01   1.9202823e-01   2.1028324e-01   2.2888685e-01   2.4712349e-01   2.6604305e-01   2.8320188e-01   3.0652866e-01   3.2244120e-01   3.4736143e-01   3.7242353e-01   3.8974138e-01   4.2158603e-01   4.4574134e-01   4.6870887e-01
   1.4894796e-01   1.7284913e-01   1.9252063e-01   2.1476113e-01   2.3222352e-01   2.5453476e-01   2.7392247e-01   2.9114109e-01   3.0894016e-01   3.2948060e-01   3.5065911e-01   3.7360435e-01   4.0179009e-01   4.2690964e-01   4.5231776e-01   4.7960449e-01
   1.5103749e-01   1.7718015e-01   1.9674537e-01   2.1938164e-01   2.3653797e-01   2.5417506e-01   2.7413503e-01   2.9471694e-01   3.1819694e-01   3.3512250e-01   3.5811004e-01   3.8416104e-01   4.0684894e-01   4.3078055e-01   4.6253107e-01   4.8769236e-01
   1.5428145e-01   1.7869586e-01   1.9849840e-01   2.2017834e-01   2.4293886e-01   2.5879423e-01   2.8243743e-01   2.9956423e-01   3.1842982e-01   3.4484219e-01   3.6703616e-01   3.9040455e-01   4.1598484e-01   4.3905541e-01   4.6870082e-01   4.9186957e-01
   1.5532569e-01   1.8028150e-01   2.0237474e-01   2.2224785e-01   2.4678775e-01   2.6619367e-01   2.8244017e-01   3.0742082e-01   3.2899537e-01   3.5033384e-01   3.7042068e-01   3.9104215e-01   4.1758924e-01   4.4410582e-01   4.7707050e-01   4.9960265e-01
   1.5714238e-01   1.8430128e-01   2.0747623e-01   2.2564306e-01   2.4584769e-01   2.6605065e-01   2.8624550e-01   3.1146998e-01   3.2995114e-01   3.4976039e-01   3.7556071e-01   3.9593475e-01   4.2351388e-01   4.5447876e-01   4.7826258e-01   5.1416205e-01
   1.6212363e-01   1.8586686e-01   2.0772505e-01   2.3319284e-01   2.5053350e-01   2.7171908e-01   2.9397105e-01   3.1458539e-01   3.3560993e-01   3.6169217e-01   3.8421421e-01   4.0245423e-01   4.3032285e-01   4.5805651e-01   4.8751645e-01   5.1352732e-01
   1.6180758e-01   1.8830909e-01   2.1310025e-01   2.3561323e-01   2.5319835e-01   2.7525275e-01   2.9657267e-01   3.2018958e-01   3.4141899e-01   3.6301916e-01   3.9052955e-01   4.1189770e-01   4.3467721e-01   4.6583721e-01   4.9651133e-01   5.2201595e-01
   1.6372189e-01   1.9271801e-01   2.1300720e-01   2.3719985e-01   2.5808837e-01   2.8149099e-01   3.0112000e-01   3.2391708e-01   3.4298086e-01   3.7210442e-01   3.8901241e-01   4.1471401e-01   4.4545326e-01   4.7710394e-01   5.0428985e-01   5.3674254e-01
   1.6575467e-01   1.9469782e-01   2.1891495e-01   2.3977998e-01   2.6503060e-01   2.8284664e-01   3.0711551e-01   3.2898100e-01   3.5367926e-01   3.7772533e-01   3.9919019e-01   4.2798615e-01   4.5094218e-01   4.7718316e-01   5.0534732e-01   5.3609253e-01
   1.6924868e-01   1.9621288e-01   2.2218783e-01   2.4171019e-01   2.6417469e-01   2.8683137e-01   3.1283512e-01   3.3228716e-01   3.5426124e-01   3.8018140e-01   4.0411927e-01   4.3026576e-01   4.6126156e-01   4.8649647e-01   5.1927335e-01   5.5077763e-01
   1.7205963e-01   1.9857480e-01   2.2444567e-01   2.4963678e-01   2.7224789e-01   2.9163245e-01   3.1337366e-01   3.3455188e-01   3.5957340e-01   3.8516328e-01   4.1204838e-01   4.3798965e-01   4.6106098e-01   4.9111569e-01   5.1975584e-01   5.6106668e-01
   1.7288540e-01   2.0004772e-01   2.2602330e-01   2.5131721e-01   2.7354995e-01   2.9771175e-01   3.2027758e-01   3.4138586e-01   3.6549928e-01   3.9370999e-01   4.1325547e-01   4.4367627e-01   4.6916053e-01   5.0369269e-01   5.2512683e-01   5.6270550e-01
   1.7532932e-01   2.0222446e-01   2.2979159e-01   2.5282168e-01   2.7955555e-01   3.0141428e-01   3.2595937e-01   3.4507790e-01   3.7272226e-01   3.9296956e-01   4.1909173e-01   4.5216919e-01   4.7576227e-01   5.0837687e-01   5.3426660e-01   5.7525945e-01
   1.7682471e-01   2.0378017e-01   2.3324016e-01   2.5655862e-01   2.7949086e-01   3.0409440e-01   3.2576512e-01   3.5066001e-01   3.7457843e-01   3.9747768e-01   4.2282308e-01   4.5447394e-01   4.8213533e-01   5.0976175e-01   5.4305261e-01   5.7940070e-01
   1.8036759e-01   2.0714125e-01   2.3605970e-01   2.5918328e-01   2.8395711e-01   3.0593150e-01   3.3034660e-01   3.5743671e-01   3.8287800e-01   4.0392671e-01   4.3618437e-01   4.5660583e-01   4.9188009e-01   5.1557346e-01   5.4693447e-01   5.8611626e-01
   1.8236461e-01   2.1171448e-01   2.3977613e-01   2.6573533e-01   2.8966887e-01   3.0929658e-01   3.3954851e-01   3.5744473e-01   3.8195324e-01   4.1417471e-01   4.4185094e-01   4.6500967e-01   4.9765704e-01   5.2460218e-01   5.6232274e-01   5.8720214e-01
   1.8374712e-01   2.1445349e-01   2.3952695e-01   2.6657407e-01   2.9361112e-01   3.1490251e-01   3.4368031e-01   3.6324722e-01   3.8895263e-01   4.1869168e-01   4.4628969e-01   4.7550498e-01   5.0290461e-01   5.3589364e-01   5.6863534e-01   6.0406087e-01
   1.8467258e-01   2.1441886e-01   2.4492365e-01   2.6987811e-01   2.9455588e-01   3.1837178e-01   3.4345681e-01   3.6648986e-01   3.9869834e-01   4.2459433e-01   4.4580221e-01   4.7571218e-01   5.1099352e-01   5.3555985e-01   5.7414689e-01   6.0661072e-01
   1.8605127e-01   2.1976130e-01   2.4542667e-01   2.7460276e-01   3.0079653e-01   3.2266614e-01   3.4697064e-01   3.7703325e-01   4.0284195e-01   4.2976726e-01   4.5502559e-01   4.7915999e-01   5.1537923e-01   5.4637955e-01   5.7312991e-01   6.0979366e-01
   1.8889916e-01   2.2099049e-01   2.4663918e-01   2.7392374e-01   3.0313932e-01   3.2893295e-01   3.5129827e-01   3.7849730e-01   4.0431793e-01   4.2766709e-01   4.5613907e-01   4.9181058e-01   5.2295416e-01   5.4980328e-01   5.8788783e-01   6.1987292e-01
   1.9236232e-01   2.2382376e-01   2.4998426e-01   2.7920946e-01   3.0627904e-01   3.3075190e-01   3.5518068e-01   3.8284854e-01   4.1184587e-01   4.3747596e-01   4.6075500e-01   4.9045788e-01   5.2865751e-01   5.5702710e-01   5.9478436e-01   6.2715418e-01
   1.9138060e-01   2.2544537e-01   2.5357199e-01   2.8029750e-01   3.0969921e-01   3.3840753e-01   3.5985019e-01   3.8440205e-01   4.1530496e-01   4.4225187e-01   4.7029670e-01   5.0331001e-01   5.3629461e-01   5.5882453e-01   6.0018458e-01   6.3551691e-01
   1.9590735e-01   2.2614800e-01   2.5610222e-01   2.8459398e-01   3.1278307e-01   3.4023921e-01   3.6398892e-01   3.8952867e-01   4.2054524e-01   4.4903697e-01   4.7950697e-01   5.0848057e-01   5.3975916e-01   5.6977112e-01   6.0238033e-01   6.4661926e-01
   1.9802063e-01   2.2916473e-01   2.5900893e-01   2.8691828e-01   3.1701215e-01   3.4000083e-01   3.7163913e-01   3.9291854e-01   4.2730295e-01   4.5143341e-01   4.8386346e-01   5.1037367e-01   5.3948914e-01   5.8111480e-01   6.0705582e-01   6.4974354e-01
   1.9876927e-01   2.3006216e-01   2.6504355e-01   2.9061849e-01   3.1648025e-01   3.4948839e-01   3.7052912e-01   4.0010555e-01   4.3293016e-01   4.5980332e-01   4.9087576e-01   5.2069589e-01   5.4441538e-01   5.8793280e-01   6.1539226e-01   6.5372396e-01
   1.9881061e-01   2.3565569e-01   2.6524113e-01   2.9689045e-01   3.2247062e-01   3.4885352e-01   3.8096944e-01   4.0716025e-01   4.3070693e-01   4.6432648e-01   4.8877793e-01   5.2305952e-01   5.6090088e-01   5.8387554e-01   6.2654606e-01   6.6304951e-01
   2.0280848e-01   2.3700032e-01   2.6691123e-01   2.9712441e-01   3.2424649e-01   3.5198732e-01   3.8363882e-01   4.1320449e-01   4.3647096e-01   4.6828904e-01   4.9976674e-01   5.2512703e-01   5.6210044e-01   5.9561415e-01   6.3421053e-01   6.7517781e-01
   2.0463207e-01   2.3625075e-01   2.7029702e-01   2.9840557e-01   3.2888384e-01   3.5692548e-01   3.9014007e-01   4.1464757e-01   4.4265885e-01   4.7542718e-01   4.9937830e-01   5.3895615e-01   5.7212014e-01   6.0285909e-01   6.3811688e-01   6.8212241e-01
   2.0724244e-01   2.4013292e-01   2.7253040e-01   3.0325070e-01   3.3468199e-01   3.5886070e-01   3.9175877e-01   4.1876084e-01   4.5219728e-01   4.7586290e-01   5.1150876e-01   5.4066650e-01   5.7350274e-01   6.0224887e-01   6.4567481e-01   6.8223528e-01
   2.0703800e-01   2.4088522e-01   2.7647678e-01   3.0714307e-01   3.3556616e-01   3.6798775e-01   3.9531147e-01   4.2355582e-01   4.5214190e-01   4.8237256e-01   5.1593238e-01   5.4250276e-01   5.8053514e-01   6.0843760e-01   6.5725672e-01   6.9393364e-01
   2.1000202e-01   2.4708507e-01   2.7900890e-01   3.0717792e-01   3.3904341e-01   3.6685689e-01   3.9925298e-01   4.2511191e-01   4.6120955e-01   4.8746708e-01   5.2062915e-01   5.4618171e-01   5.8750395e-01   6.2292385e-01   6.5218834e-01   6.9151025e-01
   2.1030278e-01   2.4737798e-01   2.8054631e-01   3.1238916e-01   3.4161729e-01   3.7329176e-01   4.0085287e-01   4.3603331e-01   4.5971359e-01   4.9110858e-01   5.2760221e-01   5.6229171e-01   5.8818642e-01   6.3125248e-01   6.6452058e-01   7.0973438e-01
   2.1325310e-01   2.5157752e-01   2.8558449e-01   3.1681995e-01   3.4845544e-01   3.7875779e-01   4.0401608e-01   4.3833759e-01   4.6803099e-01   4.9625944e-01   5.3065450e-01   5.6734658e-01   5.9979779e-01   6.2772020e-01   6.7547384e-01   7.0314574e-01
   2.1322605e-01   2.5355686e-01   2.8860954e-01   3.2106290e-01   3.4811247e-01   3.8332144e-01   4.1464390e-01   4.4119718e-01   4.6864309e-01   4.9848208e-01   5.3658623e-01   5.6761502e-01   6.0185317e-01   6.4251401e-01   6.8338468e-01   7.1222573e-01
   2.1843226e-01   2.5535782e-01   2.9118534e-01   3.2012943e-01   3.5315182e-01   3.8418573e-01   4.1215722e-01   4.4102117e-01   4.7725464e-01   5.0304875e-01   5.4088292e-01   5.7147451e-01   6.0981060e-01   6.5102399e-01   6.8065424e-01   7.2574752e-01
   2.1855139e-01   2.5657080e-01   2.8860933e-01   3.2593197e-01   3.5395188e-01   3.9030376e-01   4.1470773e-01   4.5279662e-01   4.7974888e-01   5.0997994e-01   5.4794226e-01   5.7966790e-01   6.1251066e-01   6.5739632e-01   6.8915833e-01   7.2996541e-01
   2.1990648e-01   2.6030011e-01   2.9143123e-01   3.2843167e-01   3.6215050e-01   3.9054469e-01   4.2208515e-01   4.5019915e-01   4.8329910e-01   5.1691432e-01   5.4573660e-01   5.8690609e-01   6.1789720e-01   6.5510339e-01   6.9623426e-01   7.4348647e-01
   2.2006872e-01   2.5928150e-01   2.9943298e-01   3.3198000e-01   3.6599030e-01   3.9559925e-01   4.2315351e-01   4.6218775e-01   4.8967450e-01   5.1924017e-01   5.6084339e-01   5.9143048e-01   6.2351472e-01   6.6332705e-01   7.0504171e-01   7.4953180e-01
   2.2372459e-01   2.6010634e-01   2.9620888e-01   3.3509366e-01   3.6740157e-01   4.0103929e-01   4.3248735e-01   4.6412872e-01   4.9391376e-01   5.2991015e-01   5.5641670e-01   5.9595815e-01   6.3343008e-01   6.6683805e-01   7.0487996e-01   7.4721970e-01
   2.2316425e-01   2.6403567e-01   3.0424931e-01   3.3766473e-01   3.6929906e-01   3.9924760e-01   4.3484206e-01   4.7031134e-01   4.9834244e-01   5.3592892e-01   5.6187248e-01   6.0617976e-01   6.3587695e-01   6.6927363e-01   7.1752499e-01   7.5293221e-01
   2.2829699e-01   2.6868487e-01   3.0320449e-01   3.4038597e-01   3.7253698e-01   4.0365564e-01   4.3684522e-01   4.7129173e-01   5.0111552e-01   5.3481499e-01   5.6941359e-01   6.1052759e-01   6.4719866e-01   6.7632158e-01   7.1817352e-01   7.6314602e-01
   2.3062150e-01   2.6818804e-01   3.0628417e-01   3.4418769e-01   3.7924140e-01   4.0933666e-01   4.4500193e-01   4.7871224e-01   5.1063810e-01   5.4213075e-01   5.8083594e-01   6.0874340e-01   6.4992289e-01   6.8566674e-01   7.2810630e-01   7.7582925e-01
   2.2957822e-01   2.7054913e-01   3.0975451e-01   3.4301515e-01   3.8042362e-01   4.1623791e-01   4.4871191e-01   4.8119272e-01   5.1340184e-01   5.4484103e-01   5.8392590e-01   6.2163181e-01   6.5226012e-01   6.9813457e-01   7.2553287e-01   7.7006827e-01
   2.3408364e-01   2.7446657e-01   3.1228351e-01   3.4533746e-01   3.8218017e-01   4.1454861e-01   4.4785425e-01   4.8051651e-01   5.2182154e-01   5.5201982e-01   5.8418544e-01   6.1911309e-01   6.5713758e-01   6.9558847e-01   7.4278653e-01   7.8141644e-01
   2.3149108e-01   2.7624377e-01   3.1646161e-01   3.4762470e-01   3.8328133e-01   4.1898887e-01   4.5806044e-01   4.8505244e-01   5.2090140e-01   5.5726728e-01   5.9362842e-01   6.2678762e-01   6.6798884e-01   7.0291117e-01   7.4894710e-01   7.9006371e-01
   2.3360118e-01   2.7621339e-01   3.1708916e-01   3.5266232e-01   3.8831101e-01   4.2235272e-01   4.5378596e-01   4.9621465e-01   5.2102970e-01   5.5804983e-01   5.9284157e-01   6.2987326e-01   6.7314604e-01   7.0485023e-01   7.5099827e-01   7.8773323e-01
   2.3467879e-01   2.8151224e-01   3.2136202e-01   3.5706688e-01   3.8963851e-01   4.2863056e-01   4.5791721e-01   4.9210576e-01   5.3033180e-01   5.6888422e-01   6.0034911e-01   6.4090819e-01   6.7770309e-01   7.1365636e-01   7.5373338e-01   7.9618217e-01
   2.3823752e-01   2.8020869e-01   3.2220698e-01   3.5656035e-01   3.9899690e-01   4.3240788e-01   4.6834023e-01   4.9749013e-01   5.3328371e-01   5.6705247e-01   6.0783292e-01   6.4894270e-01   6.8417013e-01   7.2146957e-01   7.6862571e-01   8.1220695e-01
   2.4212609e-01   2.8077494e-01   3.2421873e-01   3.6014130e-01   3.9974440e-01   4.3231891e-01   4.7118615e-01   5.0131762e-01   5.3652844e-01   5.7537137e-01   6.1004168e-01   6.5241290e-01   6.9262605e-01   7.2877952e-01   7.6878982e-01   8.1729650e-01
   2.4083393e-01   2.8668177e-01   3.2530932e-01   3.6246989e-01   3.9807708e-01   4.3617429e-01   4.7524766e-01   5.0539079e-01   5.4443394e-01   5.7894012e-01   6.1053078e-01   6.5072086e-01   6.9798183e-01   7.3272682e-01   7.7446271e-01   8.2269964e-01
   2.4559256e-01   2.8900471e-01   3.3070735e-01   3.6446535e-01   4.0161969e-01   4.4471980e-01   4.7470527e-01   5.1320885e-01   5.4785625e-01   5.8664622e-01   6.1673257e-01   6.5207363e-01   6.9268791e-01   7.4015952e-01   7.7339797e-01   8.2088026e-01
   2.4376944e-01   2.8795779e-01   3.3051902e-01   3.6626344e-01   4.0618391e-01   4.4151865e-01   4.7784114e-01   5.1120622e-01   5.5400309e-01   5.8871722e-01   6.2060318e-01   6.6566066e-01   6.9767707e-01   7.3775168e-01   7.8868251e-01   8.2833072e-01
   2.4413970e-01   2.9379971e-01   3.3270890e-01   3.7199445e-01   4.1137917e-01   4.5083632e-01   4.8735049e-01   5.1667277e-01   5.5478057e-01   5.9725117e-01   6.3170851e-01   6.7504706e-01   7.0248344e-01   7.5651053e-01   7.9252146e-01   8.3273785e-01
   2.4969720e-01   2.9107902e-01   3.3704453e-01   3.7540162e-01   4.1081188e-01   4.4857698e-01   4.9009833e-01   5.2190152e-01   5.6315584e-01   5.9399131e-01   6.4089295e-01   6.6905020e-01   7.1757774e-01   7.5732101e-01   7.9913034e-01   8.3636678e-01
   2.4977534e-01   2.9322200e-01   3.3583765e-01   3.7803736e-01   4.1437656e-01   4.5753839e-01   4.8667746e-01   5.2616609e-01   5.6662906e-01   6.0319204e-01   6.4299370e-01   6.8345049e-01   7.2086687e-01   7.5851939e-01   7.9792496e-01   8.4497967e-01
   2.5323934e-01   2.9487035e-01   3.3734484e-01   3.7782597e-01   4.2114972e-01   4.5567714e-01   4.9641563e-01   5.3354577e-01   5.7047834e-01   6.0630334e-01   6.4974603e-01   6.8549629e-01   7.2341150e-01   7.6831251e-01   8.1546131e-01   8.6089290e-01
   2.5365826e-01   2.9849259e-01   3.4356360e-01   3.8403416e-01   4.2323925e-01   4.6520125e-01   4.9380992e-01   5.3386324e-01   5.7128496e-01   6.0616768e-01   6.5185073e-01   6.9539416e-01   7.2747635e-01   7.6468153e-01   8.0924166e-01   8.5416908e-01
   2.5139175e-01   3.0328261e-01   3.4246119e-01   3.8586664e-01   4.2786916e-01   4.6301142e-01   5.0220694e-01   5.4377322e-01   5.8240017e-01   6.1066543e-01   6.5330207e-01   6.9630088e-01   7.3024100e-01   7.8067822e-01   8.1468824e-01   8.5919343e-01
   2.5443430e-01   3.0327089e-01   3.4622201e-01   3.8836708e-01   4.2637994e-01   4.6794771e-01   5.0402304e-01   5.4351341e-01   5.7927219e-01   6.2247729e-01   6.6548745e-01   7.0345115e-01   7.4525554e-01   7.7435291e-01   8.2371970e-01   8.7076855e-01
   2.5783354e-01   3.0205633e-01   3.4925977e-01   3.8875600e-01   4.3263597e-01   4.7417874e-01   5.0884221e-01   5.4537377e-01   5.8316982e-01   6.2010200e-01   6.6697831e-01   6.9756891e-01   7.5181407e-01   7.8443699e-01   8.2811364e-01   8.8032230e-01
   2.5686163e-01   3.0885303e-01   3.5224585e-01   3.9274131e-01   4.3171193e-01   4.7205070e-01   5.0919727e-01   5.5609323e-01   5.8628815e-01   6.2382953e-01   6.6714911e-01   7.0952067e-01   7.5151815e-01   7.9586786e-01   8.3227649e-01   8.8141854e-01
   2.5787068e-01   3.0906791e-01   3.5295858e-01   4.0040122e-01   4.4159587e-01   4.7815970e-01   5.1876164e-01   5.5221787e-01   5.9566588e-01   6.3299304e-01   6.6877322e-01   7.0914252e-01   7.5873163e-01   7.9159506e-01   8.4035408e-01   8.8934876e-01
   2.6002783e-01   3.1217493e-01   3.5357406e-01   4.0255433e-01   4.4075154e-01   4.7665599e-01   5.2320124e-01   5.5988913e-01   6.0268659e-01   6.3509264e-01   6.8036592e-01   7.2388134e-01   7.5689896e-01   8.0147931e-01   8.4532538e-01   8.9539859e-01
   2.6460593e-01   3.1447745e-01   3.5898221e-01   3.9911801e-01   4.4716460e-01   4.7965534e-01   5.2257723e-01   5.6057898e-01   6.0527488e-01   6.3977006e-01   6.8585326e-01   7.2655442e-01   7.6262421e-01   8.0233143e-01   8.5255295e-01   9.0378843e-01
   2.6187254e-01   3.1271934e-01   3.6347129e-01   4.0132585e-01   4.5049477e-01   4.9050083e-01   5.3221022e-01   5.6644606e-01   6.0341304e-01   6.4579152e-01   6.9000772e-01   7.2369557e-01   7.7186550e-01   8.1717639e-01   8.6404318e-01   8.9750318e-01
   2.6435580e-01   3.1663214e-01   3.6318344e-01   4.0989833e-01   4.5257327e-01   4.9536611e-01   5.3236424e-01   5.6759163e-01   6.1664280e-01   6.5407032e-01   6.9445940e-01   7.3499044e-01   7.7019605e-01   8.1580323e-01   8.5920313e-01   9.1180032e-01
   2.6854870e-01   3.1564888e-01   3.6554478e-01   4.0887075e-01   4.5558973e-01   4.9376691e-01   5.3440505e-01   5.7114425e-01   6.1901301e-01   6.5529702e-01   6.9375777e-01   7.3144153e-01   7.8703716e-01   8.2171837e-01   8.7814590e-01   9.1083863e-01
   2.6833635e-01   3.1861517e-01   3.6698044e-01   4.1051549e-01   4.5819126e-01   4.9281718e-01   5.3490167e-01   5.7891328e-01   6.1957062e-01   6.6116482e-01   7.0317633e-01   7.4350836e-01   7.8592140e-01   8.2562597e-01   8.6919436e-01   9.2900411e-01
   2.7125265e-01   3.2272863e-01   3.6648700e-01   4.1497852e-01   4.5562512e-01   5.0173090e-01   5.4327205e-01   5.7915552e-01   6.2155860e-01   6.6805606e-01   6.9817559e-01   7.4217784e-01   7.9598411e-01   8.3947084e-01   8.7367939e-01   9.3494801e-01
   2.6934564e-01   3.2029185e-01   3.6751059e-01   4.1798665e-01   4.6505475e-01   5.0536356e-01   5.4139837e-01   5.8585809e-01   6.2088478e-01   6.6572585e-01   7.0747045e-01   7.4956943e-01   7.9656532e-01   8.3630063e-01   8.9163570e-01   9.3284714e-01
   2.7122793e-01   3.2458880e-01   3.7055127e-01   4.2015708e-01   4.6552338e-01   5.1093168e-01   5.5282293e-01   5.9389870e-01   6.2534980e-01   6.7179575e-01   7.1385944e-01   7.5940833e-01   8.0182055e-01   8.4995911e-01   8.9384898e-01   9.3043321e-01
   2.7167774e-01   3.2526306e-01   3.7672962e-01   4.1924847e-01   4.6718883e-01   5.1295289e-01   5.4887666e-01   5.9832671e-01   6.2870186e-01   6.7059525e-01   7.2000040e-01   7.5681100e-01   8.0509335e-01   8.5788176e-01   8.9914547e-01   9.4311236e-01
   2.7290306e-01   3.2490581e-01   3.7818270e-01   4.2140359e-01   4.7366841e-01   5.1578513e-01   5.5044762e-01   5.9122835e-01   6.4393127e-01   6.8387336e-01   7.2361468e-01   7.6002185e-01   8.0981456e-01   8.5826330e-01   9.0720437e-01   9.5490415e-01
   2.7412644e-01   3.3099595e-01   3.8143596e-01   4.2429909e-01   4.6909369e-01   5.2060930e-01   5.6182324e-01   5.9542534e-01   6.3988144e-01   6.9044567e-01   7.2482147e-01   7.7575269e-01   8.0907514e-01   8.6083079e-01   9.1264107e-01   9.5727794e-01
   2.7414699e-01   3.2934393e-01   3.8207429e-01   4.2941047e-01   4.7224290e-01   5.1403941e-01   5.6173888e-01   6.0949339e-01   6.4250261e-01   6.8660115e-01   7.3079746e-01   7.8263669e-01   8.2267681e-01   8.6778979e-01   9.1974870e-01   9.6544831e-01
   2.7551886e-01   3.2969924e-01   3.8305954e-01   4.3344721e-01   4.7787702e-01   5.1692133e-01   5.6248409e-01   6.1156597e-01   6.4669032e-01   6.9702737e-01   7.3392244e-01   7.8159573e-01   8.2289677e-01   8.7523063e-01   9.1891643e-01   9.6496357e-01
   2.7875270e-01   3.3435620e-01   3.8555978e-01   4.3782891e-01   4.8433598e-01   5.2656519e-01   5.6540156e-01   6.0931927e-01   6.5136334e-01   6.9045715e-01   7.3435917e-01   7.7956173e-01   8.3555813e-01   8.6945444e-01   9.2981103e-01   9.7874108e-01
   2.7920367e-01   3.3592330e-01   3.8605681e-01   4.3653919e-01   4.8018520e-01   5.2551634e-01   5.6951304e-01   6.1941867e-01   6.5855263e-01   6.9532649e-01   7.4139661e-01   7.9275715e-01   8.2702682e-01   8.8785341e-01   9.1875374e-01   9.8055126e-01
   2.7987167e-01   3.3730390e-01   3.9196181e-01   4.3712745e-01   4.8436083e-01   5.2930608e-01   5.8083842e-01   6.1285561e-01   6.6586206e-01   7.0711435e-01   7.4330871e-01   7.8678888e-01   8.3089643e-01   8.9336239e-01   9.3102086e-01   9.7369371e-01
   2.8530312e-01   3.4182767e-01   3.8794543e-01   4.3751700e-01   4.8501487e-01   5.3182875e-01   5.7513641e-01   6.1873897e-01   6.6554854e-01   7.1160813e-01   7.5058061e-01   7.9991759e-01   8.3532351e-01   8.8829534e-01   9.2962439e-01   9.9302798e-01
   2.8432826e-01   3.4356795e-01   3.9451784e-01   4.4390705e-01   4.9554631e-01   5.3947205e-01   5.8660665e-01   6.2963058e-01   6.7376004e-01   7.1468331e-01   7.5382290e-01   8.0878393e-01   8.4587794e-01   9.0287037e-01   9.3936146e-01   9.9143710e-01
   2.8677867e-01   3.4037671e-01   3.9612066e-01   4.4885511e-01   4.9588094e-01   5.3592515e-01   5.8883784e-01   6.3123335e-01   6.6722616e-01   7.1477016e-01   7.6311230e-01   8.0513894e-01   8.5376292e-01   8.9201421e-01   9.4218000e-01   9.9004981e-01
   2.8399922e-01   3.4399514e-01   3.9751857e-01   4.4437690e-01   4.9604292e-01   5.4496143e-01   5.8681827e-01   6.3887277e-01   6.7821905e-01   7.1748451e-01   7.6116802e-01   8.0899725e-01   8.5130740e-01   9.0085562e-01   9.5583317e-01   1.0036756e+00
   2.8601764e-01   3.4715970e-01   4.0006895e-01   4.4919147e-01   4.9552726e-01   5.4920531e-01   5.9611930e-01   6.4152498e-01   6.8187007e-01   7.2824684e-01   7.7112083e-01   8.1758260e-01   8.5548469e-01   9.1418314e-01   9.5867345e-01   1.0064641e+00
   2.8741320e-01   3.4980332e-01   4.0146124e-01   4.5453478e-01   5.0102162e-01   5.5200960e-01   5.9805389e-01   6.3580189e-01   6.7979842e-01   7.3093779e-01   7.6987367e-01   8.1260566e-01   8.5878940e-01   9.1554555e-01   9.6389387e-01   1.0175302e+00
   2.8990251e-01   3.4889464e-01   3.9991327e-01   4.5221064e-01   4.9932584e-01   5.5142999e-01   5.9483843e-01   6.4964295e-01   6.8471442e-01   7.2700451e-01   7.7695096e-01   8.2682614e-01   8.7028393e-01   9.1051951e-01   9.5921965e-01   1.0151240e+00
   2.9307147e-01   3.4749947e-01   4.0593229e-01   4.5694767e-01   5.1165508e-01   5.5217224e-01   6.0661260e-01   6.5011138e-01   6.9907221e-01   7.3856116e-01   7.7800353e-01   8.2223264e-01   8.7372374e-01   9.1418155e-01   9.7414205e-01   1.0132874e+00
   2.9465477e-01   3.5280185e-01   4.1004097e-01   4.5828827e-01   5.1104599e-01   5.5458568e-01   6.0628861e-01   6.4534972e-01   6.9557779e-01   7.4626217e-01   7.9331847e-01   8.3199910e-01   8.8564756e-01   9.2890068e-01   9.6983635e-01   1.0243696e+00
   2.9162568e-01   3.5406343e-01   4.0871578e-01   4.5948539e-01   5.1420396e-01   5.6138388e-01   6.1090958e-01   6.5410802e-01   7.0201674e-01   7.5268505e-01   7.9113630e-01   8.3240407e-01   8.8566939e-01   9.2915716e-01   9.8450422e-01   1.0205962e+00
   2.9322729e-01   3.5496031e-01   4.1392485e-01   4.6244630e-01   5.1357395e-01   5.6440375e-01   6.0987539e-01   6.6364713e-01   7.0259039e-01   7.4479286e-01   7.8813228e-01   8.4303135e-01   8.7992154e-01   9.4038434e-01   9.9098550e-01   1.0366115e+00
   2.9538939e-01   3.5875055e-01   4.1314981e-01   4.7035832e-01   5.1406502e-01   5.6766135e-01   6.1874823e-01   6.5498218e-01   7.0354673e-01   7.5290152e-01   7.9519618e-01   8.4969596e-01   8.8635737e-01   9.4701519e-01   9.9668193e-01   1.0322157e+00
   2.9312112e-01   3.5886934e-01   4.1574854e-01   4.6940252e-01   5.2153776e-01   5.6328798e-01   6.2008350e-01   6.6489692e-01   7.1660439e-01   7.4941404e-01   7.9998216e-01   8.4886526e-01   8.9823170e-01   9.3736900e-01   9.9476978e-01   1.0360554e+00
   2.9461947e-01   3.5794031e-01   4.1638911e-01   4.7132443e-01   5.2590780e-01   5.7647480e-01   6.1830918e-01   6.6707432e-01   7.1018576e-01   7.5544319e-01   8.0785516e-01   8.5081962e-01   8.9905207e-01   9.4094068e-01   9.9120524e-01   1.0495436e+00
   2.9518523e-01   3.6109054e-01   4.1409522e-01   4.6816715e-01   5.2654020e-01   5.7986081e-01   6.1854153e-01   6.7050845e-01   7.1911619e-01   7.6614236e-01   8.1284532e-01   8.6291190e-01   8.9808879e-01   9.4777507e-01   1.0092140e+00   1.0534057e+00
   2.9703821e-01   3.6419250e-01   4.2389539e-01   4.7757188e-01   5.2236418e-01   5.7605633e-01   6.2963954e-01   6.8058359e-01   7.1596187e-01   7.6350377e-01   8.0924397e-01   8.6761700e-01   9.1203801e-01   9.5201628e-01   1.0139149e+00   1.0633384e+00
   3.0121183e-01   3.6464488e-01   4.1914761e-01   4.7257939e-01   5.2669602e-01   5.7496073e-01   6.2525091e-01   6.7294545e-01   7.2154976e-01   7.7162515e-01   8.2626265e-01   8.6960935e-01   9.0867163e-01   9.5697598e-01   1.0123834e+00   1.0534396e+00
   3.0289548e-01   3.6651722e-01   4.2419151e-01   4.8241901e-01   5.2841978e-01   5.8109930e-01   6.3572402e-01   6.7534340e-01   7.3453678e-01   7.7681364e-01   8.1962113e-01   8.7516541e-01   9.2675259e-01   9.6177358e-01   1.0260815e+00   1.0606043e+00
   3.0358001e-01   3.6529660e-01   4.2582396e-01   4.7805645e-01   5.3760986e-01   5.8644620e-01   6.3467958e-01   6.8131900e-01   7.3829119e-01   7.7816654e-01   8.1915823e-01   8.7646177e-01   9.3168336e-01   9.6664720e-01   1.0200459e+00   1.0647214e+00
   3.0267566e-01   3.6832111e-01   4.2606179e-01   4.8679771e-01   5.3293897e-01   5.8349523e-01   6.3311213e-01   6.8530429e-01   7.3211467e-01   7.8665698e-01   8.3117448e-01   8.7917859e-01   9.3232499e-01   9.7847684e-01   1.0223744e+00   1.0687920e+00
   3.0195259e-01   3.7025306e-01   4.2928838e-01   4.8257079e-01   5.3868552e-01   5.9646522e-01   6.4392472e-01   6.8923413e-01   7.4200050e-01   7.8191323e-01   8.3264435e-01   8.8799241e-01   9.3497500e-01   9.7873822e-01   1.0330549e+00   1.0864999e+00
   3.0698678e-01   3.6830640e-01   4.2927498e-01   4.8864459e-01   5.4658819e-01   5.9354690e-01   6.4654790e-01   6.9841450e-01   7.4961767e-01   7.8307065e-01   8.4114563e-01   8.8344490e-01   9.3354863e-01   9.9284336e-01   1.0388876e+00   1.0779343e+00
   3.0376044e-01   3.7150635e-01   4.3486053e-01   4.9347002e-01   5.4583098e-01   5.9832309e-01   6.4870456e-01   6.9139299e-01   7.5254953e-01   7.9213634e-01   8.3683705e-01   8.9446995e-01   9.4855170e-01   9.9240691e-01   1.0307868e+00   1.0988475e+00
   3.0720010e-01   3.7470777e-01   4.3231093e-01   4.8708171e-01   5.4808902e-01   5.9688966e-01   6.5269558e-01   6.9387494e-01   7.4907259e-01   7.9494029e-01   8.4806642e-01   8.9489241e-01   9.4278731e-01   9.9130937e-01   1.0532199e+00   1.0835791e+00
   3.0927221e-01   3.7040660e-01   4.3803455e-01   4.9531070e-01   5.5165088e-01   5.9964297e-01   6.5068307e-01   7.0453745e-01   7.5724574e-01   8.0640404e-01   8.5865057e-01   8.9570329e-01   9.5693296e-01   9.9163797e-01   1.0376987e+00   1.0885156e+00
   3.1043205e-01   3.7344673e-01   4.3876460e-01   4.9133554e-01   5.5354288e-01   6.0068331e-01   6.5699761e-01   7.0021894e-01   7.5007398e-01   8.0004501e-01   8.5543865e-01   8.9543525e-01   9.5842020e-01   1.0079664e+00   1.0602284e+00   1.1013565e+00
   3.0633436e-01   3.7830080e-01   4.3535040e-01   5.0163094e-01   5.4774510e-01   6.0899107e-01   6.5844113e-01   7.1506033e-01   7.5827920e-01   8.0924809e-01   8.5076909e-01   9.1257960e-01   9.6416630e-01   9.9902717e-01   1.0632645e+00   1.1072756e+00
   3.1107195e-01   3.7795504e-01   4.3770020e-01   4.9558488e-01   5.5038454e-01   6.0732058e-01   6.5931289e-01   7.0719406e-01   7.6368804e-01   8.1047041e-01   8.6957958e-01   9.1936033e-01   9.5927669e-01   1.0201208e+00   1.0680906e+00   1.1054165e+00
   3.1089495e-01   3.7600323e-01   4.4161337e-01   4.9657192e-01   5.5513571e-01   6.1061967e-01   6.6543695e-01   7.1404228e-01   7.6161218e-01   8.1057109e-01   8.7277418e-01   9.1170265e-01   9.6313822e-01   1.0109919e+00   1.0543143e+00   1.1074114e+00
   3.0953415e-01   3.7704072e-01   4.4494827e-01   4.9843808e-01   5.5540064e-01   6.1119515e-01   6.6791871e-01   7.1746985e-01   7.7374872e-01   8.1270970e-01   8.7496120e-01   9.0988886e-01   9.6040395e-01   1.0268764e+00   1.0767959e+00   1.1162395e+00
   3.1285842e-01   3.8418973e-01   4.4842040e-01   5.0887692e-01   5.6729713e-01   6.1683916e-01   6.6683415e-01   7.2108277e-01   7.7098017e-01   8.2658170e-01   8.8054567e-01   9.1463110e-01   9.7238790e-01   1.0317006e+00   1.0747678e+00   1.1308719e+00
   3.1349912e-01   3.7827656e-01   4.4527060e-01   5.1177459e-01   5.6977381e-01   6.1609703e-01   6.7049187e-01   7.2640508e-01   7.7664136e-01   8.2185073e-01   8.7056900e-01   9.2682911e-01   9.7550871e-01   1.0277381e+00   1.0818351e+00   1.1184444e+00
   3.1143921e-01   3.8139858e-01   4.4431374e-01   5.1111701e-01   5.6473520e-01   6.1683556e-01   6.6948241e-01   7.3241090e-01   7.7895689e-01   8.2610092e-01   8.7328520e-01   9.3372953e-01   9.7604155e-01   1.0364564e+00   1.0855689e+00   1.1407361e+00
   3.1161692e-01   3.8505248e-01   4.5091406e-01   5.0982018e-01   5.6974048e-01   6.2026959e-01   6.8351994e-01   7.3067439e-01   7.8770431e-01   8.3828560e-01   8.8778069e-01   9.3621049e-01   9.8940691e-01   1.0260486e+00   1.0908318e+00   1.1259668e+00
   3.1288245e-01   3.8504761e-01   4.5485810e-01   5.1609764e-01   5.7428067e-01   6.3038180e-01   6.8617689e-01   7.2976258e-01   7.8048371e-01   8.4229764e-01   8.9266704e-01   9.3890263e-01   9.8473118e-01   1.0468956e+00   1.0869440e+00   1.1443322e+00
   3.1501593e-01   3.8297192e-01   4.4823026e-01   5.1306332e-01   5.7368326e-01   6.3112678e-01   6.8194509e-01   7.3728433e-01   7.8726369e-01   8.3249594e-01   8.9013173e-01   9.4423369e-01   9.9278390e-01   1.0363914e+00   1.0852466e+00   1.1546135e+00
   3.1784661e-01   3.9108454e-01   4.5639203e-01   5.1948511e-01   5.7012337e-01   6.3753747e-01   6.8239399e-01   7.3968907e-01   7.8758840e-01   8.4758777e-01   9.0088237e-01   9.3649266e-01   1.0047506e+00   1.0513944e+00   1.1058970e+00   1.1419097e+00
   3.1656029e-01   3.8930476e-01   4.5926687e-01   5.1309928e-01   5.7366696e-01   6.3074408e-01   6.8691783e-01   7.3648411e-01   7.9303474e-01   8.4849607e-01   8.9942170e-01   9.5668199e-01   9.9519654e-01   1.0554047e+00   1.0917945e+00   1.1549918e+00
   3.1943173e-01   3.9353837e-01   4.5841739e-01   5.2094447e-01   5.7885318e-01   6.3320893e-01   6.9465211e-01   7.4854245e-01   8.0307759e-01   8.4251096e-01   9.0186150e-01   9.5855792e-01   1.0036224e+00   1.0587523e+00   1.1054956e+00   1.1627743e+00
   3.2136734e-01   3.9101349e-01   4.5855718e-01   5.2093209e-01   5.8743765e-01   6.4463886e-01   7.0094869e-01   7.4983528e-01   7.9769468e-01   8.5410926e-01   9.0108681e-01   9.5922488e-01   1.0142233e+00   1.0526852e+00   1.1157098e+00   1.1499802e+00
   3.2040092e-01   3.8956883e-01   4.5994784e-01   5.2167291e-01   5.8301983e-01   6.4405732e-01   6.9436004e-01   7.5391141e-01   8.0596255e-01   8.6466510e-01   9.0201769e-01   9.6474745e-01   1.0036580e+00   1.0707819e+00   1.1038770e+00   1.1596168e+00
   3.1857275e-01   3.8982665e-01   4.6184992e-01   5.2395402e-01   5.8560776e-01   6.4016769e-01   6.9879159e-01   7.5327375e-01   8.0713828e-01   8.6189877e-01   9.1886302e-01   9.5931150e-01   1.0235144e+00   1.0720692e+00   1.1185167e+00   1.1621993e+00
   3.1844685e-01   3.9389049e-01   4.5874999e-01   5.2312233e-01   5.9226166e-01   6.4662130e-01   7.0864704e-01   7.5067381e-01   8.1588625e-01   8.6477745e-01   9.1433744e-01   9.7204034e-01   1.0148644e+00   1.0610080e+00   1.1318937e+00   1.1773333e+00
   3.1958566e-01   3.9885986e-01   4.6116751e-01   5.2563266e-01   5.9381508e-01   6.4769881e-01   7.0263944e-01   7.5416182e-01   8.0952891e-01   8.7270039e-01   9.2480008e-01   9.6658310e-01   1.0167640e+00   1.0788510e+00   1.1211086e+00   1.1724227e+00
   3.2446477e-01   3.9326751e-01   4.6222778e-01   5.3008941e-01   5.9637263e-01   6.5214407e-01   7.1009608e-01   7.6224435e-01   8.0952410e-01   8.7283780e-01   9.2397730e-01   9.7785086e-01   1.0303510e+00   1.0861526e+00   1.1397516e+00   1.1712416e+00
   3.2191079e-01   3.9850987e-01   4.6273766e-01   5.3503536e-01   5.9846338e-01   6.5411016e-01   7.1652787e-01   7.6757738e-01   8.2749149e-01   8.7649125e-01   9.3257892e-01   9.6856361e-01   1.0211996e+00   1.0757853e+00   1.1214023e+00   1.1823519e+00
   3.2345919e-01   4.0037269e-01   4.6994237e-01   5.3850356e-01   6.0028874e-01   6.5882382e-01   7.1472135e-01   7.6266680e-01   8.2918325e-01   8.6737390e-01   9.3466583e-01   9.8419381e-01   1.0403316e+00   1.0844664e+00   1.1455707e+00   1.1892497e+00
   3.2205461e-01   3.9871942e-01   4.7388887e-01   5.3037907e-01   5.9929349e-01   6.5318884e-01   7.1401598e-01   7.6671716e-01   8.2428389e-01   8.8623664e-01   9.3383967e-01   9.8110584e-01   1.0418642e+00   1.0969097e+00   1.1441441e+00   1.1998890e+00
   3.2144709e-01   3.9868131e-01   4.6966904e-01   5.3231886e-01   6.0510525e-01   6.6157144e-01   7.1413412e-01   7.7408303e-01   8.3466534e-01   8.7774762e-01   9.3779324e-01   9.8991116e-01   1.0453056e+00   1.0848199e+00   1.1439632e+00   1.1922276e+00
   3.2406977e-01   4.0242590e-01   4.7070701e-01   5.3780768e-01   6.0818247e-01   6.6599148e-01   7.2213389e-01   7.7000673e-01   8.2446453e-01   8.7963498e-01   9.4192610e-01   9.8722428e-01   1.0511775e+00   1.0921849e+00   1.1474999e+00   1.2079134e+00
   3.2660668e-01   4.0307764e-01   4.7703136e-01   5.3687703e-01   6.0782002e-01   6.6454735e-01   7.1796835e-01   7.7901099e-01   8.3398746e-01   8.8610709e-01   9.4586966e-01   1.0038781e+00   1.0424593e+00   1.0914906e+00   1.1564577e+00   1.2143253e+00
   3.2301098e-01   4.0528428e-01   4.7022229e-01   5.3952174e-01   6.0948501e-01   6.7024826e-01   7.2269048e-01   7.7964490e-01   8.3703588e-01   8.9468001e-01   9.5219027e-01   1.0010860e+00   1.0538426e+00   1.1001867e+00   1.1522746e+00   1.2092206e+00
   3.2282549e-01   3.9987491e-01   4.7308014e-01   5.3863638e-01   6.0617492e-01   6.7108133e-01   7.2524933e-01   7.8353884e-01   8.3265695e-01   9.0136914e-01   9.4578671e-01   1.0028072e+00   1.0620307e+00   1.1133535e+00   1.1668456e+00   1.2010779e+00
   3.2718026e-01   4.0596127e-01   4.8097991e-01   5.4030905e-01   6.1082399e-01   6.7085644e-01   7.3156050e-01   7.9472346e-01   8.4327649e-01   8.9435548e-01   9.5904849e-01   1.0122372e+00   1.0567255e+00   1.1074625e+00   1.1667677e+00   1.2222028e+00
   3.2958900e-01   4.0320061e-01   4.7736136e-01   5.4579149e-01   6.1366334e-01   6.7065955e-01   7.3001027e-01   7.9136788e-01   8.5415345e-01   8.9500863e-01   9.5029636e-01   1.0061472e+00   1.0560617e+00   1.1218471e+00   1.1736571e+00   1.2259208e+00
   3.2458877e-01   4.0784942e-01   4.8280700e-01   5.4761975e-01   6.0899250e-01   6.7267104e-01   7.3826076e-01   7.9902044e-01   8.5373749e-01   9.1105493e-01   9.5454608e-01   1.0167228e+00   1.0544702e+00   1.1214068e+00   1.1698909e+00   1.2257277e+00
   3.3084888e-01   4.0639497e-01   4.8230704e-01   5.5457606e-01   6.1297423e-01   6.8232293e-01   7.4238900e-01   7.9489520e-01   8.5677857e-01   9.0770355e-01   9.6917936e-01   1.0241842e+00   1.0662015e+00   1.1252412e+00   1.1726032e+00   1.2210926e+00
   3.2805890e-01   4.0959924e-01   4.8462017e-01   5.4699967e-01   6.1951742e-01   6.7648791e-01   7.3880542e-01   7.9644080e-01   8.5319061e-01   9.1830424e-01   9.6016060e-01   1.0187580e+00   1.0718784e+00   1.1250736e+00   1.1865708e+00   1.2248870e+00
   3.3157593e-01   4.0472585e-01   4.8388446e-01   5.5170414e-01   6.2045117e-01   6.8637653e-01   7.4974216e-01   7.9546594e-01   8.5864775e-01   9.1570765e-01   9.6767109e-01   1.0213969e+00   1.0724582e+00   1.1377215e+00   1.1889813e+00   1.2240342e+00
   3.2636915e-01   4.1069103e-01   4.8891701e-01   5.5172368e-01   6.2424101e-01   6.8393306e-01   7.4065838e-01   7.9904324e-01   8.5614048e-01   9.1326059e-01   9.6844008e-01   1.0297710e+00   1.0795597e+00   1.1326354e+00   1.1777917e+00   1.2449498e+00
   3.3099725e-01   4.1321811e-01   4.8434788e-01   5.5071663e-01   6.2258172e-01   6.9154186e-01   7.4290545e-01   8.0693265e-01   8.6608621e-01   9.1009012e-01   9.6405765e-01   1.0316442e+00   1.0803374e+00   1.1372093e+00   1.1890957e+00   1.2431637e+00
   3.2900442e-01   4.0729473e-01   4.8837938e-01   5.5308511e-01   6.2054356e-01   6.8795259e-01   7.4579092e-01   8.1423296e-01   8.7345310e-01   9.1507633e-01   9.7880870e-01   1.0205845e+00   1.0929043e+00   1.1323276e+00   1.1986251e+00   1.2409479e+00
   3.3309618e-01   4.1333330e-01   4.8496991e-01   5.6257987e-01   6.2206980e-01   6.9564063e-01   7.5496184e-01   8.1256231e-01   8.6006699e-01   9.3038759e-01   9.7507516e-01   1.0232880e+00   1.0882550e+00   1.1452354e+00   1.1876003e+00   1.2433362e+00
   3.2715786e-01   4.1603533e-01   4.8434375e-01   5.6085030e-01   6.3344604e-01   6.9610252e-01   7.6092411e-01   8.2173934e-01   8.6529920e-01   9.2110852e-01   9.8990693e-01   1.0266303e+00   1.1008794e+00   1.1443310e+00   1.1898376e+00   1.2525747e+00
   3.2877270e-01   4.1379497e-01   4.8750941e-01   5.5683590e-01   6.2614517e-01   6.9022807e-01   7.5621717e-01   8.1510822e-01   8.7173005e-01   9.3704633e-01   9.8087332e-01   1.0394221e+00   1.1028693e+00   1.1540475e+00   1.1986862e+00   1.2567330e+00
   3.3208519e-01   4.1694795e-01   4.9368837e-01   5.6423401e-01   6.3309332e-01   7.0131438e-01   7.6465301e-01   8.1390045e-01   8.7213560e-01   9.3268388e-01   9.8379942e-01   1.0422424e+00   1.0920241e+00   1.1427838e+00   1.2144297e+00   1.2441726e+00
   3.3143992e-01   4.1152395e-01   4.9055558e-01   5.6652213e-01   6.3532055e-01   6.9591519e-01   7.6668974e-01   8.2597226e-01   8.8057231e-01   9.2949022e-01   9.8925862e-01   1.0426595e+00   1.0988506e+00   1.1475548e+00   1.2027899e+00   1.2581411e+00
   3.2838064e-01   4.1813331e-01   4.9269225e-01   5.6781998e-01   6.4137947e-01   6.9850221e-01   7.6157659e-01   8.2422586e-01   8.7438283e-01   9.3403506e-01   9.9363699e-01   1.0548452e+00   1.0929558e+00   1.1615108e+00   1.2070203e+00   1.2732070e+00
   3.3331277e-01   4.1326600e-01   4.9219231e-01   5.6463154e-01   6.3386896e-01   6.9894765e-01   7.7171318e-01   8.2764746e-01   8.8736961e-01   9.4374819e-01   9.9998849e-01   1.0579586e+00   1.1051895e+00   1.1494256e+00   1.2097783e+00   1.2560513e+00
   3.2965855e-01   4.1446420e-01   4.9945636e-01   5.7210205e-01   6.3564074e-01   7.0517662e-01   7.6942159e-01   8.2488221e-01   8.8383449e-01   9.4389733e-01   1.0098800e+00   1.0450894e+00   1.1159594e+00   1.1688456e+00   1.2188144e+00   1.2682403e+00
   3.3432804e-01   4.1942854e-01   4.9487066e-01   5.6722748e-01   6.4556763e-01   7.0689940e-01   7.7395545e-01   8.3276994e-01   8.8497401e-01   9.4230247e-01   9.9368710e-01   1.0557221e+00   1.1070042e+00   1.1744755e+00   1.2135591e+00   1.2768850e+00
   3.3068160e-01   4.2088808e-01   4.9808955e-01   5.7129527e-01   6.4800439e-01   7.1288826e-01   7.6788230e-01   8.2825549e-01   8.9256691e-01   9.4065580e-01   1.0123142e+00   1.0574377e+00   1.1083194e+00   1.1770745e+00   1.2141532e+00   1.2850969e+00
   3.2978160e-01   4.1982251e-01   4.9323160e-01   5.7419661e-01   6.4084383e-01   7.0668042e-01   7.6974671e-01   8.4075660e-01   8.8874937e-01   9.4761954e-01   1.0000887e+00   1.0557585e+00   1.1144724e+00   1.1644966e+00   1.2329858e+00   1.2807106e+00
   3.3539516e-01   4.1902639e-01   5.0307445e-01   5.6931392e-01   6.4911338e-01   7.1284956e-01   7.7355863e-01   8.3667125e-01   9.0575435e-01   9.6428856e-01   1.0199476e+00   1.0745563e+00   1.1244214e+00   1.1693181e+00   1.2341092e+00   1.2784244e+00
   3.3462811e-01   4.1731252e-01   5.0230875e-01   5.7953585e-01   6.4596720e-01   7.1417881e-01   7.7565058e-01   8.3586148e-01   8.9996189e-01   9.5753096e-01   1.0225182e+00   1.0737113e+00   1.1235584e+00   1.1673290e+00   1.2260576e+00   1.2917438e+00
   3.3584675e-01   4.1649969e-01   4.9994493e-01   5.8057766e-01   6.4192608e-01   7.1218496e-01   7.8488240e-01   8.3958177e-01   8.9692974e-01   9.6078928e-01   1.0249688e+00   1.0688200e+00   1.1375847e+00   1.1852146e+00   1.2326798e+00   1.2968345e+00
   3.3170647e-01   4.1877240e-01   4.9970397e-01   5.7657215e-01   6.4882727e-01   7.1124442e-01   7.8081838e-01   8.4643870e-01   9.1141182e-01   9.6009696e-01   1.0269169e+00   1.0684628e+00   1.1302356e+00   1.1921287e+00   1.2259053e+00   1.3035151e+00
   3.3311040e-01   4.2487551e-01   5.0634129e-01   5.8408714e-01   6.5007328e-01   7.2599663e-01   7.7743888e-01   8.4262685e-01   9.0583095e-01   9.6525573e-01   1.0180290e+00   1.0707025e+00   1.1410544e+00   1.1792456e+00   1.2424603e+00   1.2843575e+00
   3.3509960e-01   4.1908826e-01   5.0201153e-01   5.7837669e-01   6.4935662e-01   7.2198215e-01   7.9123092e-01   8.5285881e-01   9.0852114e-01   9.7405863e-01   1.0229198e+00   1.0710321e+00   1.1361939e+00   1.1979618e+00   1.2474295e+00   1.3083082e+00
   3.3556085e-01   4.1883276e-01   5.0380118e-01   5.8481687e-01   6.5053954e-01   7.2335946e-01   7.8450243e-01   8.5047814e-01   9.0500618e-01   9.7491437e-01   1.0354189e+00   1.0813439e+00   1.1477572e+00   1.2034144e+00   1.2433354e+00   1.3078895e+00
   3.3320934e-01   4.2636589e-01   5.0828679e-01   5.8588559e-01   6.5673127e-01   7.2047969e-01   7.9778836e-01   8.5787706e-01   9.0821373e-01   9.8255541e-01   1.0299559e+00   1.0896384e+00   1.1419150e+00   1.2013930e+00   1.2514133e+00   1.3125476e+00
   3.3078166e-01   4.2035119e-01   5.0985642e-01   5.8727324e-01   6.5906397e-01   7.2889660e-01   7.8703318e-01   8.4815220e-01   9.2593446e-01   9.7028845e-01   1.0319030e+00   1.0931672e+00   1.1459209e+00   1.2111666e+00   1.2534451e+00   1.2965434e+00
   3.3417960e-01   4.2261557e-01   5.0866214e-01   5.9063766e-01   6.5698031e-01   7.2437483e-01   7.9889728e-01   8.4953198e-01   9.1518781e-01   9.7620432e-01   1.0378935e+00   1.0973909e+00   1.1574109e+00   1.1955560e+00   1.2633837e+00   1.2961283e+00
   3.3476068e-01   4.2257709e-01   5.0815288e-01   5.9088905e-01   6.5467064e-01   7.2423316e-01   7.9655038e-01   8.5407822e-01   9.2080241e-01   9.7750979e-01   1.0398951e+00   1.1011627e+00   1.1571857e+00   1.1992188e+00   1.2518242e+00   1.3238345e+00
   3.3499688e-01   4.2061153e-01   5.0873749e-01   5.8483113e-01   6.5571392e-01   7.2778390e-01   7.9827466e-01   8.6373427e-01   9.3220985e-01   9.9274467e-01   1.0336752e+00   1.0912759e+00   1.1586050e+00   1.2180745e+00   1.2608346e+00   1.3215768e+00
   3.3282709e-01   4.2896835e-01   5.0451882e-01   5.9193260e-01   6.6955248e-01   7.2987681e-01   7.9469855e-01   8.6184344e-01   9.2811825e-01   9.8537910e-01   1.0517715e+00   1.0907025e+00   1.1459001e+00   1.2146696e+00   1.2572404e+00   1.3184092e+00
   3.3096681e-01   4.2687126e-01   5.0583062e-01   5.9398186e-01   6.6484463e-01   7.3315242e-01   7.9646302e-01   8.6338585e-01   9.2953509e-01   9.8481598e-01   1.0464336e+00   1.1071437e+00   1.1675808e+00   1.2213393e+00   1.2632113e+00   1.3169423e+00
   3.3153746e-01   4.2416294e-01   5.0605463e-01   5.9608682e-01   6.6705436e-01   7.3890798e-01   8.0262558e-01   8.7506207e-01   9.3547886e-01   9.8566320e-01   1.0408501e+00   1.1026137e+00   1.1721782e+00   1.2059551e+00   1.2748641e+00   1.3345861e+00
   3.3057453e-01   4.2427606e-01   5.1106636e-01   5.8874508e-01   6.6188010e-01   7.4088684e-01   8.1070811e-01   8.7685467e-01   9.2969339e-01   9.8443169e-01   1.0510044e+00   1.1040870e+00   1.1644223e+00   1.2158324e+00   1.2712307e+00   1.3254720e+00
   3.3227924e-01   4.2991335e-01   5.1186008e-01   5.9530268e-01   6.6379416e-01   7.3900596e-01   8.0271557e-01   8.8125858e-01   9.2768279e-01   9.9573738e-01   1.0607565e+00   1.1053835e+00   1.1682993e+00   1.2206903e+00   1.2707993e+00   1.3213632e+00
   3.3504174e-01   4.2283579e-01   5.1226644e-01   5.9776015e-01   6.6523115e-01   7.3437399e-01   8.1181755e-01   8.6793728e-01   9.3964258e-01   9.8882114e-01   1.0651627e+00   1.1111265e+00   1.1769617e+00   1.2298494e+00   1.2896759e+00   1.3383828e+00
   3.3015861e-01   4.3081761e-01   5.1032979e-01   5.9305878e-01   6.6471453e-01   7.4187253e-01   8.0761734e-01   8.7520521e-01   9.4432008e-01   1.0007073e+00   1.0618611e+00   1.1259751e+00   1.1619906e+00   1.2159720e+00   1.2771818e+00   1.3478863e+00
   3.3597761e-01   4.2569572e-01   5.1671783e-01   5.9758540e-01   6.7860239e-01   7.5078563e-01   8.2101341e-01   8.8055712e-01   9.4217894e-01   1.0008519e+00   1.0677896e+00   1.1208086e+00   1.1672717e+00   1.2188233e+00   1.2956888e+00   1.3244303e+00
   3.3260458e-01   4.2345235e-01   5.1531653e-01   5.9744126e-01   6.7024126e-01   7.4419008e-01   8.1273914e-01   8.8326664e-01   9.3608677e-01   1.0002220e+00   1.0567147e+00   1.1125388e+00   1.1727555e+00   1.2356749e+00   1.2752099e+00   1.3320958e+00
   3.3176163e-01   4.2967061e-01   5.1341350e-01   5.9773259e-01   6.6963126e-01   7.5201471e-01   8.2466710e-01   8.8988355e-01   9.3876503e-01   1.0003183e+00   1.0610156e+00   1.1299658e+00   1.1728515e+00   1.2387504e+00   1.2878391e+00   1.3322864e+00
   3.3420751e-01   4.2744635e-01   5.1233131e-01   6.0197226e-01   6.7610578e-01   7.5182034e-01   8.1097659e-01   8.8124987e-01   9.4890766e-01   1.0064124e+00   1.0748446e+00   1.1339045e+00   1.1730049e+00   1.2349672e+00   1.2855463e+00   1.3500081e+00
   3.3380735e-01   4.2926347e-01   5.1757285e-01   5.9932334e-01   6.7703040e-01   7.5004285e-01   8.2629165e-01   8.8701235e-01   9.5672864e-01   1.0026690e+00   1.0758374e+00   1.1354288e+00   1.1768536e+00   1.2515523e+00   1.3019580e+00   1.3561683e+00
   3.3026874e-01   4.3108778e-01   5.2217070e-01   6.0674342e-01   6.7373751e-01   7.4759285e-01   8.2246477e-01   8.8415556e-01   9.4640431e-01   1.0081832e+00   1.0819596e+00   1.1355069e+00   1.1787662e+00   1.2332454e+00   1.2885742e+00   1.3623024e+00
   3.3403015e-01   4.2541605e-01   5.2332472e-01   5.9889952e-01   6.7872274e-01   7.5222182e-01   8.1896259e-01   8.9871280e-01   9.5261907e-01   1.0228361e+00   1.0826972e+00   1.1364402e+00   1.2017328e+00   1.2462891e+00   1.3088956e+00   1.3605474e+00
   3.3515541e-01   4.3276202e-01   5.1487498e-01   6.0820475e-01   6.7749448e-01   7.4857813e-01   8.2339270e-01   8.8449666e-01   9.6169545e-01   1.0162038e+00   1.0709753e+00   1.1440980e+00   1.1940818e+00   1.2449397e+00   1.3064967e+00   1.3472227e+00
   3.3081014e-01   4.3163912e-01   5.1880169e-01   6.0147433e-01   6.8321116e-01   7.5153404e-01   8.3506205e-01   8.9232097e-01   9.5992071e-01   1.0175574e+00   1.0784777e+00   1.1462698e+00   1.1949737e+00   1.2579019e+00   1.2939122e+00   1.3601540e+00
   3.3482253e-01   4.2596479e-01   5.2079751e-01   5.9936080e-01   6.7945538e-01   7.5355473e-01   8.3482673e-01   8.9348123e-01   9.6950490e-01   1.0187132e+00   1.0800784e+00   1.1316155e+00   1.2008349e+00   1.2474722e+00   1.3064129e+00   1.3625016e+00
   3.3030539e-01   4.2859039e-01   5.2560082e-01   6.0123265e-01   6.9150671e-01   7.5884555e-01   8.2400441e-01   8.9836373e-01   9.6174673e-01   1.0158696e+00   1.0893977e+00   1.1508761e+00   1.2111196e+00   1.2468865e+00   1.3151715e+00   1.3525236e+00
   3.3120618e-01   4.3083388e-01   5.1648590e-01   6.0482358e-01   6.9238637e-01   7.5487384e-01   8.3450521e-01   9.0290444e-01   9.6917028e-01   1.0320165e+00   1.0831536e+00   1.1440712e+00   1.2036497e+00   1.2594311e+00   1.3045339e+00   1.3733602e+00
   3.3020258e-01   4.2561606e-01   5.2664615e-01   6.0121908e-01   6.9224623e-01   7.6470191e-01   8.3384509e-01   8.9654037e-01   9.6829824e-01   1.0220583e+00   1.1003929e+00   1.1401226e+00   1.2006198e+00   1.2585378e+00   1.3076186e+00   1.3714272e+00
   3.3099198e-01   4.2571689e-01   5.2395682e-01   6.1125202e-01   6.8267656e-01   7.6827702e-01   8.4366707e-01   8.9524943e-01   9.7169153e-01   1.0364563e+00   1.1034368e+00   1.1604048e+00   1.2134933e+00   1.2662610e+00   1.3108309e+00   1.3608591e+00
   3.2775806e-01   4.2727656e-01   5.2242862e-01   6.0295466e-01   6.8385717e-01   7.6820436e-01   8.3445338e-01   9.1311263e-01   9.7842495e-01   1.0273590e+00   1.1045253e+00   1.1521129e+00   1.2038653e+00   1.2585303e+00   1.3291684e+00   1.3697747e+00
   3.2716539e-01   4.3021943e-01   5.2523521e-01   6.1471298e-01   6.9366934e-01   7.6012710e-01   8.3789073e-01   9.0225217e-01   9.7888188e-01   1.0343886e+00   1.1003597e+00   1.1481243e+00   1.2089979e+00   1.2608658e+00   1.3325218e+00   1.3711786e+00
   3.2988394e-01   4.2809732e-01   5.2407948e-01   6.1006713e-01   6.8631208e-01   7.6453120e-01   8.4828158e-01   9.1379381e-01   9.7825435e-01   1.0392519e+00   1.0995160e+00   1.1607405e+00   1.2243749e+00   1.2609718e+00   1.3328195e+00   1.3844027e+00
   3.3097288e-01   4.3021905e-01   5.2498442e-01   6.1399141e-01   6.9621951e-01   7.7417812e-01   8.3536978e-01   9.0547389e-01   9.7649305e-01   1.0449421e+00   1.1068535e+00   1.1599498e+00   1.2154992e+00   1.2841784e+00   1.3266670e+00   1.3725233e+00
   3.2957877e-01   4.3340307e-01   5.2605669e-01   6.1127003e-01   6.9557561e-01   7.6338844e-01   8.4554914e-01   9.0866488e-01   9.7088512e-01   1.0450535e+00   1.1082852e+00   1.1527615e+00   1.2298248e+00   1.2750417e+00   1.3370118e+00   1.3820325e+00
   3.3133668e-01   4.3069393e-01   5.2974385e-01   6.1316006e-01   6.9904732e-01   7.7516970e-01   8.4770827e-01   9.0673403e-01   9.7377321e-01   1.0362648e+00   1.0984363e+00   1.1700758e+00   1.2315029e+00   1.2719545e+00   1.3460509e+00   1.3958296e+00
   3.2999009e-01   4.3048024e-01   5.2846527e-01   6.1388731e-01   6.9378690e-01   7.7487696e-01   8.4932411e-01   9.1074693e-01   9.8293321e-01   1.0399462e+00   1.1074721e+00   1.1603818e+00   1.2196922e+00   1.2934851e+00   1.3291753e+00   1.3858624e+00
   3.3091432e-01   4.2745235e-01   5.2605810e-01   6.1640115e-01   6.9683960e-01   7.7305206e-01   8.4595280e-01   9.2219644e-01   9.8798196e-01   1.0447272e+00   1.1116217e+00   1.1757284e+00   1.2238527e+00   1.2940298e+00   1.3354051e+00   1.3989427e+00
   3.2983050e-01   4.3262150e-01   5.2727358e-01   6.1436892e-01   6.9724498e-01   7.7685876e-01   8.5451282e-01   9.2546720e-01   9.8517145e-01   1.0452948e+00   1.1152871e+00   1.1750404e+00   1.2264193e+00   1.2738135e+00   1.3463883e+00   1.4005248e+00
   3.3008670e-01   4.2737696e-01   5.2614777e-01   6.1051693e-01   7.0240348e-01   7.7646413e-01   8.5174599e-01   9.2540899e-01   9.8511808e-01   1.0517836e+00   1.1174038e+00   1.1732476e+00   1.2338233e+00   1.2946663e+00   1.3533151e+00   1.4092838e+00
   3.2985299e-01   4.2750135e-01   5.3070098e-01   6.1696796e-01   7.0543526e-01   7.7082622e-01   8.4621482e-01   9.1545031e-01   9.8586565e-01   1.0592121e+00   1.1138941e+00   1.1785482e+00   1.2333866e+00   1.2918841e+00   1.3388832e+00   1.3860493e+00
   3.2541584e-01   4.2795607e-01   5.2961269e-01   6.1756702e-01   7.0059432e-01   7.7733685e-01   8.5396922e-01   9.2586100e-01   9.9405387e-01   1.0640106e+00   1.1268046e+00   1.1696153e+00   1.2378125e+00   1.2967490e+00   1.3360856e+00   1.4042202e+00
   3.2377433e-01   4.2773309e-01   5.2587251e-01   6.2141596e-01   7.0005780e-01   7.7699715e-01   8.4785468e-01   9.3435991e-01   9.9415634e-01   1.0562618e+00   1.1149257e+00   1.1775372e+00   1.2412242e+00   1.2887855e+00   1.3462478e+00   1.4025078e+00
   3.2399841e-01   4.3231972e-01   5.2741667e-01   6.1986525e-01   6.9761176e-01   7.7990917e-01   8.6489689e-01   9.2997324e-01   9.8786770e-01   1.0599829e+00   1.1327831e+00   1.1884783e+00   1.2496911e+00   1.2866313e+00   1.3582244e+00   1.4023913e+00
   3.2200170e-01   4.2921047e-01   5.2988832e-01   6.2284481e-01   7.0743089e-01   7.7829346e-01   8.6668738e-01   9.2716941e-01   9.8917519e-01   1.0645091e+00   1.1177054e+00   1.1920660e+00   1.2416178e+00   1.2956954e+00   1.3415725e+00   1.4028031e+00
   3.2147577e-01   4.2964435e-01   5.2986074e-01   6.1382317e-01   7.0987146e-01   7.8262317e-01   8.5894115e-01   9.2274206e-01   1.0063152e+00   1.0695675e+00   1.1201731e+00   1.1758231e+00   1.2568568e+00   1.3011057e+00   1.3438649e+00   1.4180849e+00
   3.2054586e-01   4.3221394e-01   5.2358935e-01   6.2360403e-01   7.0972617e-01   7.8773170e-01   8.6837347e-01   9.3652910e-01   9.9455976e-01   1.0705980e+00   1.1300169e+00   1.1874933e+00   1.2433427e+00   1.2957552e+00   1.3497578e+00   1.4132075e+00
   3.2416799e-01   4.3289878e-01   5.3209919e-01   6.2130069e-01   7.0467565e-01   7.8780778e-01   8.5548614e-01   9.3864463e-01   9.9544843e-01   1.0608114e+00   1.1326112e+00   1.1857548e+00   1.2443315e+00   1.2952524e+00   1.3649218e+00   1.4122778e+00
   3.2217713e-01   4.3002558e-01   5.3078025e-01   6.1889410e-01   7.0440269e-01   7.9005436e-01   8.5575825e-01   9.4273031e-01   1.0135367e+00   1.0652689e+00   1.1397782e+00   1.1959089e+00   1.2481416e+00   1.3081741e+00   1.3603508e+00   1.4162805e+00
   3.2414811e-01   4.2936272e-01   5.3284849e-01   6.1709083e-01   7.0916830e-01   7.8631113e-01   8.5988164e-01   9.3861130e-01   1.0125065e+00   1.0682346e+00   1.1238367e+00   1.1949865e+00   1.2555649e+00   1.3026415e+00   1.3569180e+00   1.4225141e+00
   3.1865178e-01   4.3177620e-01   5.2737812e-01   6.1777966e-01   7.0282192e-01   7.8253889e-01   8.6642882e-01   9.3069578e-01   1.0175292e+00   1.0789676e+00   1.1323780e+00   1.1962396e+00   1.2493067e+00   1.3064493e+00   1.3704723e+00   1.4118258e+00
   3.2245438e-01   4.2976515e-01   5.2462845e-01   6.2122622e-01   7.0977595e-01   7.9302399e-01   8.6683256e-01   9.4111765e-01   1.0078801e+00   1.0702882e+00   1.1435799e+00   1.1982216e+00   1.2477477e+00   1.3220937e+00   1.3634740e+00   1.4100587e+00
   3.2193595e-01   4.2578190e-01   5.2789492e-01   6.1832608e-01   7.0922945e-01   7.9271204e-01   8.6503169e-01   9.4776886e-01   1.0107693e+00   1.0776037e+00   1.1460356e+00   1.2125270e+00   1.2614771e+00   1.3050394e+00   1.3657556e+00   1.4356331e+00
   3.2229105e-01   4.3155175e-01   5.2814111e-01   6.2348867e-01   7.1405013e-01   7.8977102e-01   8.7240804e-01   9.4084951e-01   1.0138575e+00   1.0680881e+00   1.1342631e+00   1.2019039e+00   1.2627082e+00   1.3201791e+00   1.3757600e+00   1.4155368e+00
   3.2152160e-01   4.2839966e-01   5.2897758e-01   6.2192379e-01   7.1382237e-01   7.9503479e-01   8.7658562e-01   9.4375645e-01   1.0102721e+00   1.0826407e+00   1.1467791e+00   1.2159870e+00   1.2631040e+00   1.3229184e+00   1.3658167e+00   1.4146319e+00
   3.2134485e-01   4.2671171e-01   5.3261675e-01   6.1829277e-01   7.1408477e-01   7.9603895e-01   8.6665383e-01   9.5208319e-01   1.0257986e+00   1.0849601e+00   1.1451664e+00   1.1958969e+00   1.2547277e+00   1.3138980e+00   1.3724846e+00   1.4409212e+00
   3.1486420e-01   4.2765126e-01   5.3498558e-01   6.2811502e-01   7.1707092e-01   7.9622561e-01   8.8086376e-01   9.5294763e-01   1.0121965e+00   1.0781145e+00   1.1427485e+00   1.2059090e+00   1.2694497e+00   1.3226281e+00   1.3863929e+00   1.4437807e+00
   3.1382598e-01   4.2460871e-01   5.3501027e-01   6.2314735e-01   7.0997813e-01   7.9473463e-01   8.7022425e-01   9.5574138e-01   1.0207430e+00   1.0841450e+00   1.1387767e+00   1.2020271e+00   1.2761302e+00   1.3280626e+00   1.3871357e+00   1.4283805e+00
   3.1695637e-01   4.2629927e-01   5.2850198e-01   6.2944353e-01   7.1229499e-01   7.9243250e-01   8.6734039e-01   9.4147408e-01   1.0288966e+00   1.0838307e+00   1.1490687e+00   1.2005452e+00   1.2589075e+00   1.3222797e+00   1.3931778e+00   1.4483794e+00
   3.1720334e-01   4.2387488e-01   5.2711533e-01   6.2930330e-01   7.1802289e-01   8.0599075e-01   8.7826667e-01   9.5201990e-01   1.0120500e+00   1.0905066e+00   1.1538203e+00   1.2261568e+00   1.2679118e+00   1.3394746e+00   1.3827151e+00   1.4293376e+00
   3.1595853e-01   4.2637611e-01   5.2514433e-01   6.2328809e-01   7.1487805e-01   8.0660648e-01   8.7856142e-01   9.4650110e-01   1.0278561e+00   1.0872400e+00   1.1504873e+00   1.2210597e+00   1.2693820e+00   1.3438174e+00   1.3936714e+00   1.4485561e+00
   3.1565168e-01   4.2629497e-01   5.2843107e-01   6.2802031e-01   7.2256215e-01   8.0355025e-01   8.8537437e-01   9.6223514e-01   1.0252614e+00   1.0816411e+00   1.1627162e+00   1.2233558e+00   1.2706104e+00   1.3308284e+00   1.3876800e+00   1.4328155e+00
   3.1587665e-01   4.2950184e-01   5.2801888e-01   6.2629407e-01   7.1239901e-01   7.9409756e-01   8.7512881e-01   9.5634274e-01   1.0207935e+00   1.0855888e+00   1.1570663e+00   1.2238091e+00   1.2827322e+00   1.3397749e+00   1.3811257e+00   1.4314568e+00
   3.1361804e-01   4.2301646e-01   5.3506982e-01   6.2672081e-01   7.1364444e-01   7.9984875e-01   8.8630756e-01   9.6446590e-01   1.0203848e+00   1.0965132e+00   1.1658820e+00   1.2150456e+00   1.2717376e+00   1.3248731e+00   1.4020801e+00   1.4478171e+00
   3.1091926e-01   4.2892126e-01   5.2924649e-01   6.2962295e-01   7.2537836e-01   7.9782906e-01   8.8211101e-01   9.6542169e-01   1.0355288e+00   1.0897462e+00   1.1522286e+00   1.2196967e+00   1.2751147e+00   1.3293820e+00   1.3857574e+00   1.4570498e+00
   3.1384916e-01   4.2380769e-01   5.3306494e-01   6.3227225e-01   7.1280658e-01   8.0627039e-01   8.8021369e-01   9.6617422e-01   1.0218422e+00   1.0903358e+00   1.1549831e+00   1.2358653e+00   1.2802684e+00   1.3538907e+00   1.3926680e+00   1.4505442e+00
   3.0884428e-01   4.2698403e-01   5.2847472e-01   6.2261176e-01   7.1371906e-01   7.9850478e-01   8.8742458e-01   9.6905152e-01   1.0311454e+00   1.0901692e+00   1.1732096e+00   1.2276066e+00   1.2921922e+00   1.3354969e+00   1.3936918e+00   1.4419902e+00
   3.1072115e-01   4.1996541e-01   5.3040011e-01   6.3157724e-01   7.2197764e-01   8.1154805e-01   8.8516779e-01   9.6883100e-01   1.0342019e+00   1.1022061e+00   1.1552347e+00   1.2264798e+00   1.2989643e+00   1.3416826e+00   1.4139024e+00   1.4625107e+00
   3.0648937e-01   4.2562891e-01   5.2625103e-01   6.3235938e-01   7.1454588e-01   8.0535940e-01   8.9445368e-01   9.6985232e-01   1.0285478e+00   1.0963969e+00   1.1762552e+00   1.2207725e+00   1.2972348e+00   1.3500498e+00   1.3919563e+00   1.4444322e+00
   3.0496797e-01   4.2571524e-01   5.3393641e-01   6.2994376e-01   7.2751559e-01   8.0070131e-01   8.8295939e-01   9.5960534e-01   1.0379756e+00   1.0998430e+00   1.1663853e+00   1.2430424e+00   1.2895187e+00   1.3491125e+00   1.4027618e+00   1.4530457e+00
   3.0473371e-01   4.2085695e-01   5.3479626e-01   6.2738883e-01   7.1725476e-01   8.1010947e-01   8.8069260e-01   9.6009597e-01   1.0334296e+00   1.1091681e+00   1.1731368e+00   1.2217425e+00   1.3055354e+00   1.3624725e+00   1.4122487e+00   1.4505785e+00
   3.0713485e-01   4.2608564e-01   5.3119748e-01   6.2644531e-01   7.2591073e-01   8.0615764e-01   8.9523607e-01   9.7257155e-01   1.0413713e+00   1.1014803e+00   1.1845785e+00   1.2469132e+00   1.2867530e+00   1.3406596e+00   1.3940147e+00   1.4690816e+00
   3.0334790e-01   4.2021308e-01   5.3032464e-01   6.3510532e-01   7.2335955e-01   8.0674883e-01   8.8512890e-01   9.5904091e-01   1.0383567e+00   1.1187418e+00   1.1700428e+00   1.2344657e+00   1.2851174e+00   1.3510413e+00   1.4055862e+00   1.4768216e+00
   3.0503704e-01   4.2083574e-01   5.2670865e-01   6.3098194e-01   7.1887059e-01   8.0715739e-01   8.9940723e-01   9.6494228e-01   1.0382470e+00   1.1169103e+00   1.1716004e+00   1.2292715e+00   1.2894819e+00   1.3586330e+00   1.4031482e+00   1.4642949e+00
   3.0098484e-01   4.1993815e-01   5.2890595e-01   6.2731861e-01   7.1828045e-01   8.1391869e-01   8.8717457e-01   9.6500227e-01   1.0392923e+00   1.1211797e+00   1.1848096e+00   1.2488033e+00   1.3030780e+00   1.3578219e+00   1.4072094e+00   1.4566358e+00
   3.0048047e-01   4.1779481e-01   5.3376912e-01   6.3071558e-01   7.1827287e-01   8.1360257e-01   8.9432326e-01   9.6420380e-01   1.0342028e+00   1.1080995e+00   1.1707601e+00   1.2427250e+00   1.3041825e+00   1.3639431e+00   1.4028379e+00   1.4541570e+00
   3.0017633e-01   4.2194846e-01   5.2459226e-01   6.3404553e-01   7.2246158e-01   8.0548524e-01   8.9998203e-01   9.6790405e-01   1.0511708e+00   1.1110408e+00   1.1900907e+00   1.2423172e+00   1.2999355e+00   1.3504171e+00   1.4183564e+00   1.4690099e+00
   2.9982026e-01   4.2142921e-01   5.2807152e-01   6.2988434e-01   7.1767441e-01   8.1708208e-01   8.9012843e-01   9.7217038e-01   1.0422772e+00   1.1060310e+00   1.1879769e+00   1.2466062e+00   1.3129917e+00   1.3542226e+00   1.4289122e+00   1.4667689e+00
   2.9888777e-01   4.1450843e-01   5.2879651e-01   6.3351277e-01   7.3005021e-01   8.1469194e-01   8.9350674e-01   9.6962469e-01   1.0547941e+00   1.1185159e+00   1.1873304e+00   1.2453733e+00   1.3087560e+00   1.3519365e+00   1.4107358e+00   1.4638054e+00
   2.9667988e-01   4.1955330e-01   5.3152857e-01   6.3655030e-01   7.2819030e-01   8.1503716e-01   9.0234927e-01   9.8249337e-01   1.0438816e+00   1.1176497e+00   1.1877733e+00   1.2462744e+00   1.2997448e+00   1.3548544e+00   1.4293264e+00   1.4686069e+00
   2.9948750e-01   4.1681114e-01   5.3311625e-01   6.2838365e-01   7.2718864e-01   8.0991578e-01   8.9343849e-01   9.7981592e-01   1.0529087e+00   1.1220672e+00   1.1979088e+00   1.2593760e+00   1.3122029e+00   1.3714900e+00   1.4364742e+00   1.4657785e+00
   2.9468795e-01   4.1865221e-01   5.2500169e-01   6.3368751e-01   7.2851815e-01   8.1323381e-01   9.0653959e-01   9.6810998e-01   1.0597891e+00   1.1292026e+00   1.1772148e+00   1.2637710e+00   1.3212629e+00   1.3646369e+00   1.4377627e+00   1.4652969e+00
   2.9553691e-01   4.1744434e-01   5.2457747e-01   6.2849994e-01   7.3247949e-01   8.1974981e-01   9.0177395e-01   9.8719882e-01   1.0493766e+00   1.1313562e+00   1.1895089e+00   1.2449245e+00   1.3076445e+00   1.3677494e+00   1.4221389e+00   1.4681006e+00
   2.9411810e-01   4.1393628e-01   5.2444788e-01   6.2626548e-01   7.2149384e-01   8.1945443e-01   9.0128722e-01   9.7724309e-01   1.0590958e+00   1.1179643e+00   1.1834271e+00   1.2453556e+00   1.3156220e+00   1.3849472e+00   1.4397686e+00   1.4681605e+00
   2.9245906e-01   4.1386004e-01   5.2532385e-01   6.2851846e-01   7.2337779e-01   8.1266723e-01   8.9435038e-01   9.7855278e-01   1.0517192e+00   1.1301071e+00   1.1843492e+00   1.2449463e+00   1.3205969e+00   1.3877599e+00   1.4175219e+00   1.4897889e+00
   2.9247515e-01   4.1098942e-01   5.2228970e-01   6.3687825e-01   7.2524274e-01   8.2620571e-01   8.9539484e-01   9.8774540e-01   1.0646872e+00   1.1319194e+00   1.1967327e+00   1.2657078e+00   1.3224667e+00   1.3861721e+00   1.4416091e+00   1.4714078e+00
   2.9172218e-01   4.1090697e-01   5.2574458e-01   6.3483995e-01   7.2210505e-01   8.1498127e-01   9.0160101e-01   9.7606810e-01   1.0562033e+00   1.1396706e+00   1.1893355e+00   1.2644664e+00   1.3207279e+00   1.3759834e+00   1.4256720e+00   1.5016332e+00
   2.9052220e-01   4.0875040e-01   5.2447983e-01   6.2738917e-01   7.3221976e-01   8.1523409e-01   9.0187061e-01   9.7645217e-01   1.0561982e+00   1.1398475e+00   1.1950301e+00   1.2720674e+00   1.3087263e+00   1.3780752e+00   1.4467768e+00   1.4823945e+00
