   0.0000000e+00   0.0000000e+00   0.0000000e+00   0.0000000e+00   0.0000000e+00   0.0000000e+00   0.0000000e+00   0.0000000e+00   0.0000000e+00   0.0000000e+00   0.0000000e+00   0.0000000e+00   0.0000000e+00   0.0000000e+00   0.0000000e+00   0.0000000e+00
   8.8439208e-03   9.4633509e-03   1.0183887e-02   1.1022521e-02   1.1975378e-02   1.3036592e-02   1.4179821e-02   1.5386967e-02   1.6619646e-02   1.7816019e-02   1.8915177e-02   1.9837774e-02   2.0506664e-02   2.0825006e-02   2.0701691e-02   4.5137292e-02
   1.7685088e-02   1.8919966e-02   2.0360353e-02   2.2027271e-02   2.3919821e-02   2.6019067e-02   2.8283157e-02   3.0665161e-02   3.3087526e-02   3.5436755e-02   3.7585030e-02   3.9383321e-02   4.0671171e-02   4.1266997e-02   5.0429497e-02   8.0627862e-02
   2.6520934e-02   2.8371118e-02   3.0525800e-02   3.3013289e-02   3.5829744e-02   3.8948083e-02   4.2306819e-02   4.5831392e-02   4.9404703e-02   5.2861493e-02   5.6013061e-02   5.8638401e-02   6.0500443e-02   6.4885557e-02   7.8524032e-02   1.1359389e-01
   3.5352242e-02   3.7814794e-02   4.0679471e-02   4.3977640e-02   4.7704169e-02   5.1821250e-02   5.6249085e-02   6.0884093e-02   6.5569963e-02   7.0091780e-02   7.4200494e-02   7.7607353e-02   8.1336093e-02   8.8516558e-02   1.0647658e-01   1.4439575e-01
   4.4177211e-02   4.7250519e-02   5.0819324e-02   5.4918961e-02   5.9540856e-02   6.4636979e-02   7.0108055e-02   7.5821786e-02   8.1583009e-02   8.7127989e-02   9.2149838e-02   9.6796457e-02   1.0230752e-01   1.1247574e-01   1.3358586e-01   1.7381572e-01
   5.2995562e-02   5.6676729e-02   6.0944170e-02   6.5835311e-02   7.1338152e-02   7.7393326e-02   8.3882116e-02   9.0643288e-02   9.7443353e-02   1.0397104e-01   1.1005232e-01   1.1599937e-01   1.2351746e-01   1.3624653e-01   1.6009871e-01   2.0207003e-01
   6.1806019e-02   6.6092492e-02   7.1052402e-02   7.6725151e-02   8.3094197e-02   9.0088596e-02   9.7569705e-02   1.0534753e-01   1.1315078e-01   1.2069292e-01   1.2787616e-01   1.3527767e-01   1.4471831e-01   1.5983798e-01   1.8596064e-01   2.2938426e-01
   7.0607936e-02   7.5496498e-02   8.1142703e-02   8.7586804e-02   9.4807324e-02   1.0272109e-01   1.1116940e-01   1.1993357e-01   1.2873192e-01   1.3729877e-01   1.4566406e-01   1.5454087e-01   1.6587789e-01   1.8313860e-01   2.1124704e-01   2.5587636e-01
   7.9400292e-02   8.4887690e-02   9.1213628e-02   9.8418742e-02   1.0647586e-01   1.1528924e-01   1.2467989e-01   1.3441069e-01   1.4419472e-01   1.5381589e-01   1.6339407e-01   1.7377144e-01   1.8691257e-01   2.0613818e-01   2.3597820e-01   2.8164708e-01
   8.8182313e-02   9.4264884e-02   1.0126385e-01   1.0921942e-01   1.1809824e-01   1.2779154e-01   1.3810372e-01   1.4878360e-01   1.5955486e-01   1.7024554e-01   1.8106463e-01   1.9292547e-01   2.0779207e-01   2.2881048e-01   2.6019299e-01   3.0676587e-01
   9.6953093e-02   1.0362700e-01   1.1129204e-01   1.1998738e-01   1.2967294e-01   1.4022801e-01   1.5144275e-01   1.6306029e-01   1.7481831e-01   1.8659332e-01   1.9865934e-01   2.1198057e-01   2.2848282e-01   2.5115253e-01   2.8391690e-01   3.3129000e-01
   1.0571182e-01   1.1297294e-01   1.2129689e-01   1.3072119e-01   1.4119903e-01   1.5259876e-01   1.6470041e-01   1.7724561e-01   1.8999164e-01   2.0285666e-01   2.1616796e-01   2.3091260e-01   2.4896730e-01   2.7316057e-01   3.0717641e-01   3.5526420e-01
   1.1445765e-01   1.2230163e-01   1.3127715e-01   1.4141967e-01   1.5267582e-01   1.6490477e-01   1.7787941e-01   1.9134450e-01   2.0507726e-01   2.1903354e-01   2.3357801e-01   2.4970540e-01   2.6923088e-01   2.9483707e-01   3.2999320e-01   3.7872588e-01
   1.2318978e-01   1.3161204e-01   1.4123167e-01   1.5208180e-01   1.6410304e-01   1.7714703e-01   1.9098262e-01   2.0536007e-01   2.2007685e-01   2.3511971e-01   2.5087968e-01   2.6834492e-01   2.8926493e-01   3.1618529e-01   3.5238742e-01   4.0170617e-01
   1.3190739e-01   1.4090316e-01   1.5115939e-01   1.6270680e-01   1.7548063e-01   1.8932677e-01   2.0401227e-01   2.1929478e-01   2.3499039e-01   2.5111110e-01   2.6806376e-01   2.8682088e-01   3.0906332e-01   3.3721032e-01   3.7437679e-01   4.2423174e-01
   1.4060970e-01   1.5017406e-01   1.6105939e-01   1.7329405e-01   1.8680874e-01   2.0144509e-01   2.1697029e-01   2.3315003e-01   2.4981725e-01   2.6700324e-01   2.8512264e-01   3.0512508e-01   3.2862267e-01   3.5791773e-01   3.9597746e-01   4.4632564e-01
   1.4929597e-01   1.5942386e-01   1.7093086e-01   1.8384312e-01   1.9808759e-01   2.1350304e-01   2.2985808e-01   2.4692668e-01   2.6455615e-01   2.8279199e-01   3.0204975e-01   3.2325142e-01   3.4794118e-01   3.7831366e-01   4.1720403e-01   4.6800807e-01
   1.5796547e-01   1.6865176e-01   1.8077311e-01   1.9435369e-01   2.0931747e-01   2.2550148e-01   2.4267671e-01   2.6062495e-01   2.7920553e-01   2.9847340e-01   3.1883967e-01   3.4119531e-01   3.6701843e-01   3.9840437e-01   4.3806988e-01   4.8929696e-01
   1.6661753e-01   1.7785705e-01   1.9058555e-01   2.0482551e-01   2.2049864e-01   2.3744114e-01   2.5542682e-01   2.7424472e-01   2.9376362e-01   3.1404389e-01   3.3548790e-01   3.5895346e-01   3.8585496e-01   4.1819621e-01   4.5858726e-01   5.1020830e-01
   1.7525151e-01   1.8703908e-01   2.0036768e-01   2.1525842e-01   2.3163134e-01   2.4932252e-01   2.6810881e-01   2.8778555e-01   3.0822861e-01   3.2950026e-01   3.5199079e-01   3.7652360e-01   4.0445205e-01   4.3769552e-01   4.7876752e-01   5.3075656e-01
   1.8386683e-01   1.9619724e-01   2.1011907e-01   2.2565227e-01   2.4271578e-01   2.6114600e-01   2.8072280e-01   3.0124678e-01   3.2259869e-01   3.4483970e-01   3.6834540e-01   3.9390430e-01   4.2281153e-01   4.5690854e-01   4.9862114e-01   5.5095485e-01
   1.9246294e-01   2.0533103e-01   2.1983933e-01   2.3600695e-01   2.5375208e-01   2.7291177e-01   2.9326870e-01   3.1462762e-01   3.3687212e-01   3.6005973e-01   3.8454944e-01   4.1109481e-01   4.4093565e-01   4.7584139e-01   5.1815792e-01   5.7081519e-01
   2.0103931e-01   2.1443995e-01   2.2952813e-01   2.4632232e-01   2.6474030e-01   2.8461991e-01   3.0574628e-01   3.2792721e-01   3.5104727e-01   3.7515826e-01   4.0060116e-01   4.2809491e-01   4.5882694e-01   4.9450003e-01   5.3738698e-01   5.9034862e-01
   2.0959549e-01   2.2352359e-01   2.3918517e-01   2.5659825e-01   2.7568044e-01   2.9627036e-01   3.1815517e-01   3.4114462e-01   3.6512262e-01   3.9013350e-01   4.1649926e-01   4.4490488e-01   4.7648820e-01   5.1289030e-01   5.5631691e-01   6.0956537e-01
   2.1813102e-01   2.3258153e-01   2.4881015e-01   2.6683460e-01   2.8657242e-01   3.0786298e-01   3.3049493e-01   3.5427894e-01   3.7909679e-01   4.0498398e-01   4.3224286e-01   4.6152531e-01   4.9392236e-01   5.3101783e-01   5.7495576e-01   6.2847493e-01
   2.2664549e-01   2.4161340e-01   2.5840280e-01   2.7703119e-01   2.9741612e-01   3.1939753e-01   3.4276504e-01   3.6732925e-01   3.9296855e-01   4.1970850e-01   4.4783144e-01   4.7795715e-01   5.1113248e-01   5.4888812e-01   5.9331116e-01   6.4708617e-01
   2.3513851e-01   2.5061886e-01   2.6796284e-01   2.8718782e-01   3.0821135e-01   3.3087372e-01   3.5496495e-01   3.8029468e-01   4.0673682e-01   4.3430611e-01   4.6326476e-01   4.9420155e-01   5.2812169e-01   5.6650646e-01   6.1139029e-01   6.6540738e-01
   2.4360971e-01   2.5959756e-01   2.7749001e-01   2.9730429e-01   3.1895788e-01   3.4229119e-01   3.6709409e-01   3.9317441e-01   4.2040065e-01   4.4877608e-01   4.7854285e-01   5.1025989e-01   5.4489318e-01   5.8387802e-01   6.2920000e-01   6.8344638e-01
   2.5205873e-01   2.6854919e-01   2.8698403e-01   3.0738034e-01   3.2965544e-01   3.5364957e-01   3.7915188e-01   4.0596766e-01   4.3395923e-01   4.6311790e-01   4.9366597e-01   5.2613371e-01   5.6145016e-01   6.0100777e-01   6.4674678e-01   7.0121054e-01
   2.6048524e-01   2.7747344e-01   2.9644462e-01   3.1741571e-01   3.4030373e-01   3.6494843e-01   3.9113774e-01   4.1867372e-01   4.4741188e-01   4.7733122e-01   5.0863454e-01   5.4182466e-01   5.7779584e-01   6.1790056e-01   6.6403682e-01   7.1870680e-01
   2.6888890e-01   2.8636998e-01   3.0587150e-01   3.2741012e-01   3.5090243e-01   3.7618735e-01   4.0305112e-01   4.3129195e-01   4.6075804e-01   4.9141589e-01   5.2344918e-01   5.5733452e-01   5.9393344e-01   6.3456107e-01   6.8107602e-01   7.3594177e-01
   2.7726939e-01   2.9523852e-01   3.1526438e-01   3.3736328e-01   3.6145119e-01   3.8736589e-01   4.1489147e-01   4.4382179e-01   4.7399727e-01   5.0537189e-01   5.3811063e-01   5.7266515e-01   6.0986613e-01   6.5099383e-01   6.9787002e-01   7.5292173e-01
   2.8562641e-01   3.0407875e-01   3.2462295e-01   3.4727488e-01   3.7194965e-01   3.9848362e-01   4.2665829e-01   4.5626272e-01   4.8712926e-01   5.1919931e-01   5.5261977e-01   5.8781846e-01   6.2559708e-01   6.6720325e-01   7.1442424e-01   7.6965264e-01
   2.9395964e-01   3.1289037e-01   3.3394692e-01   3.5714458e-01   3.8239744e-01   4.0954010e-01   4.3835109e-01   4.6861431e-01   5.0015377e-01   5.3289840e-01   5.6697757e-01   6.0279644e-01   6.4112942e-01   6.8319360e-01   7.3074386e-01   7.8614022e-01
   3.0226878e-01   3.2167307e-01   3.4323597e-01   3.6697206e-01   3.9279418e-01   4.2053490e-01   4.4996945e-01   4.8087619e-01   5.1307068e-01   5.4646948e-01   5.8118507e-01   6.1760109e-01   6.5646625e-01   6.9896901e-01   7.4683386e-01   8.0238990e-01
   3.1055353e-01   3.3042655e-01   3.5248979e-01   3.7675698e-01   4.0313951e-01   4.3146763e-01   4.6151295e-01   4.9304806e-01   5.2587993e-01   5.5991299e-01   5.9524343e-01   6.3223445e-01   6.7161061e-01   7.1453351e-01   7.6269903e-01   8.1840691e-01
   3.1881359e-01   3.3915051e-01   3.6170807e-01   3.8649900e-01   4.1343305e-01   4.4233789e-01   4.7298123e-01   5.0512968e-01   5.3858156e-01   5.7322944e-01   6.0915384e-01   6.4669858e-01   6.8656550e-01   7.2989099e-01   7.7834398e-01   8.3419625e-01
   3.2704867e-01   3.4784463e-01   3.7089047e-01   3.9619778e-01   4.2367444e-01   4.5314531e-01   4.8437396e-01   5.1712086e-01   5.5117569e-01   5.8641942e-01   6.2291755e-01   6.6099556e-01   7.0133388e-01   7.4504525e-01   7.9377316e-01   8.4976273e-01
   3.3525848e-01   3.5650862e-01   3.8003669e-01   4.0585298e-01   4.3386332e-01   4.6388954e-01   4.9569086e-01   5.2902148e-01   5.6366249e-01   5.9948358e-01   6.3653587e-01   6.7512745e-01   7.1591866e-01   7.5999997e-01   8.0899086e-01   8.6511098e-01
   3.4344272e-01   3.6514217e-01   3.8914641e-01   4.1546426e-01   4.4399934e-01   4.7457025e-01   5.0693168e-01   5.4083147e-01   5.7604221e-01   6.1242264e-01   6.5001012e-01   6.8909633e-01   7.3032268e-01   7.7475872e-01   8.2400121e-01   8.8024544e-01
   3.5160111e-01   3.7374497e-01   3.9821929e-01   4.2503129e-01   4.5408218e-01   4.8518715e-01   5.1809622e-01   5.5255081e-01   5.8831515e-01   6.2523735e-01   6.6334167e-01   7.0290427e-01   7.4454876e-01   7.8932500e-01   8.3880823e-01   8.9517040e-01
   3.5973335e-01   3.8231673e-01   4.0725503e-01   4.3455375e-01   4.6411151e-01   4.9573995e-01   5.2918429e-01   5.6417953e-01   6.0048165e-01   6.3792853e-01   6.7653192e-01   7.1655334e-01   7.5859965e-01   8.0370218e-01   8.5341578e-01   9.0989001e-01
   3.6783917e-01   3.9085713e-01   4.1625331e-01   4.4403130e-01   4.7408703e-01   5.0622840e-01   5.4019578e-01   5.7571771e-01   6.1254212e-01   6.5049702e-01   6.8958227e-01   7.3004558e-01   7.7247806e-01   8.1789357e-01   8.6782761e-01   9.2440825e-01
   3.7591827e-01   3.9936589e-01   4.2521383e-01   4.5346366e-01   4.8400846e-01   5.1665229e-01   5.5113057e-01   5.8716546e-01   6.2449700e-01   6.6294370e-01   7.0249416e-01   7.4338302e-01   7.8618662e-01   8.3190237e-01   8.8204736e-01   9.3872900e-01
   3.8397038e-01   4.0784270e-01   4.3413627e-01   4.6285051e-01   4.9387551e-01   5.2701141e-01   5.6198861e-01   5.9852295e-01   6.3634677e-01   6.7526951e-01   7.1526902e-01   7.5656769e-01   7.9972796e-01   8.4573171e-01   8.9607856e-01   9.5285600e-01
   3.9199522e-01   4.1628728e-01   4.4302035e-01   4.7219158e-01   5.0368795e-01   5.3730558e-01   5.7276986e-01   6.0979036e-01   6.4809196e-01   6.8747536e-01   7.2790829e-01   7.6960159e-01   8.1310462e-01   8.5938464e-01   9.0992462e-01   9.6679286e-01
   3.9999251e-01   4.2469934e-01   4.5186577e-01   4.8148657e-01   5.1344553e-01   5.4753467e-01   5.8347433e-01   6.2096793e-01   6.5973311e-01   6.9956223e-01   7.4041343e-01   7.8248669e-01   8.2631911e-01   8.7286413e-01   9.2358886e-01   9.8054310e-01
   4.0796198e-01   4.3307859e-01   4.6067225e-01   4.9073524e-01   5.2314805e-01   5.5769854e-01   5.9410205e-01   6.3205593e-01   6.7127080e-01   7.1153110e-01   7.5278589e-01   7.9522496e-01   8.3937388e-01   8.8617307e-01   9.3707450e-01   9.9411011e-01
   4.1590337e-01   4.4142475e-01   4.6943951e-01   4.9993732e-01   5.3279529e-01   5.6779709e-01   6.0465307e-01   6.4305464e-01   6.8270565e-01   7.2338298e-01   7.6502712e-01   8.0781832e-01   8.5227134e-01   8.9931428e-01   9.5038469e-01   1.0074972e+00
   4.2381640e-01   4.4973757e-01   4.7816730e-01   5.0909258e-01   5.4238708e-01   5.7783026e-01   6.1512749e-01   6.5396438e-01   6.9403829e-01   7.3511886e-01   7.7713857e-01   8.2026870e-01   8.6501385e-01   9.1229052e-01   9.6352246e-01   1.0207076e+00
   4.3170081e-01   4.5801676e-01   4.8685534e-01   5.1820079e-01   5.5192326e-01   5.8779798e-01   6.2552542e-01   6.6478552e-01   7.0526936e-01   7.4673979e-01   7.8912169e-01   8.3257798e-01   8.7760374e-01   9.2510449e-01   9.7649079e-01   1.0337444e+00
   4.3955636e-01   4.6626208e-01   4.9550341e-01   5.2726174e-01   5.6140368e-01   5.9770022e-01   6.3584699e-01   6.7551841e-01   7.1639955e-01   7.5824679e-01   8.0097792e-01   8.4474803e-01   8.9004327e-01   9.3775880e-01   9.8929256e-01   1.0466106e+00
   4.4738278e-01   4.7447326e-01   5.0411125e-01   5.3627523e-01   5.7082822e-01   6.0753698e-01   6.4609237e-01   6.8616345e-01   7.2742954e-01   7.6964091e-01   8.1270870e-01   8.5678068e-01   9.0233467e-01   9.5025601e-01   1.0019306e+00   1.0593091e+00
   4.5517984e-01   4.8265007e-01   5.1267864e-01   5.4524107e-01   5.8019677e-01   6.1730827e-01   6.5626174e-01   6.9672106e-01   7.3836004e-01   7.8092319e-01   8.2431544e-01   8.6867775e-01   9.1448012e-01   9.6259864e-01   1.0144076e+00   1.0718430e+00
   4.6294730e-01   4.9079227e-01   5.2120537e-01   5.5415911e-01   5.8950924e-01   6.2701411e-01   6.6635530e-01   7.0719166e-01   7.4919177e-01   7.9209469e-01   8.3579957e-01   8.8044104e-01   9.2648178e-01   9.7478913e-01   1.0267263e+00   1.0842148e+00
   4.7068491e-01   4.9889962e-01   5.2969123e-01   5.6302917e-01   5.9876555e-01   6.3665456e-01   6.7637329e-01   7.1757573e-01   7.5992545e-01   8.0315646e-01   8.4716249e-01   8.9207230e-01   9.3834174e-01   9.8682986e-01   1.0388892e+00   1.0964274e+00
   4.7839244e-01   5.0697191e-01   5.3813603e-01   5.7185112e-01   6.0796564e-01   6.4622969e-01   6.8631594e-01   7.2787371e-01   7.7056184e-01   8.1410956e-01   8.5840561e-01   9.0357328e-01   9.5006206e-01   9.9872319e-01   1.0508989e+00   1.1084833e+00
   4.8606969e-01   5.1500892e-01   5.4653957e-01   5.8062482e-01   6.1710948e-01   6.5573958e-01   6.9618351e-01   7.3808609e-01   7.8110168e-01   8.2495504e-01   8.6953029e-01   9.1494568e-01   9.6164478e-01   1.0104714e+00   1.0627580e+00   1.1203853e+00
   4.9371641e-01   5.2301045e-01   5.5490169e-01   5.8935015e-01   6.2619703e-01   6.6518433e-01   7.0597627e-01   7.4821338e-01   7.9154573e-01   8.3569397e-01   8.8053792e-01   9.2619121e-01   9.7309186e-01   1.0220767e+00   1.0744687e+00   1.1321357e+00
   5.0133242e-01   5.3097629e-01   5.6322221e-01   5.9802702e-01   6.3522827e-01   6.7456406e-01   7.1569453e-01   7.5825607e-01   8.0189475e-01   8.4632738e-01   8.9142985e-01   9.3731152e-01   9.8440527e-01   1.0335413e+00   1.0860334e+00   1.1437370e+00
   5.0891749e-01   5.3890627e-01   5.7150100e-01   6.0665533e-01   6.4420323e-01   6.8387890e-01   7.2533859e-01   7.6821468e-01   8.1214952e-01   8.5685634e-01   9.0220743e-01   9.4830826e-01   9.9558691e-01   1.0448673e+00   1.0974546e+00   1.1551917e+00
   5.1647144e-01   5.4680019e-01   5.7973790e-01   6.1523500e-01   6.5312190e-01   6.9312901e-01   7.3490875e-01   7.7808976e-01   8.2231081e-01   8.6728188e-01   9.1287199e-01   9.5918303e-01   1.0066387e+00   1.0560569e+00   1.1087343e+00   1.1665020e+00
   5.2399407e-01   5.5465789e-01   5.8793278e-01   6.2376597e-01   6.6198433e-01   7.0231454e-01   7.4440537e-01   7.8788183e-01   8.3237940e-01   8.7760506e-01   9.2342485e-01   9.6993743e-01   1.0175623e+00   1.0671120e+00   1.1198749e+00   1.1776703e+00
   5.3148519e-01   5.6247920e-01   5.9608552e-01   6.3224818e-01   6.7079055e-01   7.1143568e-01   7.5382877e-01   7.9759143e-01   8.4235606e-01   8.8782691e-01   9.3386732e-01   9.8057302e-01   1.0283598e+00   1.0780347e+00   1.1308784e+00   1.1886988e+00
   5.3894463e-01   5.7026397e-01   6.0419601e-01   6.4068159e-01   6.7954061e-01   7.2049260e-01   7.6317932e-01   8.0721914e-01   8.5224160e-01   8.9794846e-01   9.4420068e-01   9.9109136e-01   1.0390328e+00   1.0888269e+00   1.1417470e+00   1.1995896e+00
   5.4637221e-01   5.7801206e-01   6.1226415e-01   6.4906617e-01   6.8823460e-01   7.2948551e-01   7.7245738e-01   8.1676550e-01   8.6203678e-01   9.0797074e-01   9.5442622e-01   1.0014939e+00   1.0495830e+00   1.0994907e+00   1.1524828e+00   1.2103449e+00
   5.5376777e-01   5.8572331e-01   6.2028984e-01   6.5740189e-01   6.9687258e-01   7.3841462e-01   7.8166332e-01   8.2623109e-01   8.7174239e-01   9.1789477e-01   9.6454519e-01   1.0117823e+00   1.0600122e+00   1.1100278e+00   1.1630877e+00   1.2209668e+00
   5.6113115e-01   5.9339760e-01   6.2827301e-01   6.6568875e-01   7.0545465e-01   7.4728014e-01   7.9079752e-01   8.3561647e-01   8.8135922e-01   9.2772156e-01   9.7455884e-01   1.0219579e+00   1.0703221e+00   1.1204401e+00   1.1735637e+00   1.2314573e+00
   5.6846221e-01   6.0103482e-01   6.3621358e-01   6.7392674e-01   7.1398092e-01   7.5608232e-01   7.9986038e-01   8.4492222e-01   8.9088805e-01   9.3745212e-01   9.8446840e-01   1.0320221e+00   1.0805142e+00   1.1307294e+00   1.1839127e+00   1.2418183e+00
   5.7576078e-01   6.0863484e-01   6.4411148e-01   6.8211589e-01   7.2245148e-01   7.6482139e-01   8.0885229e-01   8.5414892e-01   9.0032966e-01   9.4708745e-01   9.9427509e-01   1.0419765e+00   1.0905903e+00   1.1408974e+00   1.1941367e+00   1.2520519e+00
   5.8302675e-01   6.1619756e-01   6.5196667e-01   6.9025621e-01   7.3086647e-01   7.7349760e-01   8.1777366e-01   8.6329716e-01   9.0968484e-01   9.5662854e-01   1.0039801e+00   1.0518223e+00   1.1005519e+00   1.1509461e+00   1.2042374e+00   1.2621600e+00
   5.9025997e-01   6.2372289e-01   6.5977910e-01   6.9834773e-01   7.3922601e-01   7.8211122e-01   8.2662489e-01   8.7236752e-01   9.1895437e-01   9.6607637e-01   1.0135847e+00   1.0615611e+00   1.1104005e+00   1.1608769e+00   1.2142167e+00   1.2721443e+00
   5.9746031e-01   6.3121072e-01   6.6754874e-01   7.0639049e-01   7.4753025e-01   7.9066249e-01   8.3540641e-01   8.8136058e-01   9.2813902e-01   9.7543191e-01   1.0230899e+00   1.0711941e+00   1.1201378e+00   1.1706917e+00   1.2240764e+00   1.2820068e+00
   6.0462768e-01   6.3866099e-01   6.7527555e-01   7.1438454e-01   7.5577933e-01   7.9915171e-01   8.4411864e-01   8.9027695e-01   9.3723956e-01   9.8469614e-01   1.0324970e+00   1.0807227e+00   1.1297651e+00   1.1803920e+00   1.2338182e+00   1.2917492e+00
   6.1176194e-01   6.4607361e-01   6.8295951e-01   7.2232994e-01   7.6397341e-01   8.0757915e-01   8.5276200e-01   8.9911721e-01   9.4625677e-01   9.9387001e-01   1.0418071e+00   1.0901482e+00   1.1392841e+00   1.1899794e+00   1.2434438e+00   1.3013732e+00
   6.1886300e-01   6.5344851e-01   6.9060062e-01   7.3022676e-01   7.7211267e-01   8.1594510e-01   8.6133692e-01   9.0788195e-01   9.5519141e-01   1.0029545e+00   1.0510213e+00   1.0994719e+00   1.1486960e+00   1.1994556e+00   1.2529548e+00   1.3108807e+00
   6.2593075e-01   6.6078565e-01   6.9819887e-01   7.3807506e-01   7.8019726e-01   8.2424985e-01   8.6984384e-01   9.1657176e-01   9.6404425e-01   1.0119505e+00   1.0601408e+00   1.1086952e+00   1.1580025e+00   1.2088221e+00   1.2623529e+00   1.3202732e+00
   6.3296511e-01   6.6808496e-01   7.0575427e-01   7.4587493e-01   7.8822737e-01   8.3249369e-01   8.7828319e-01   9.2518725e-01   9.7281605e-01   1.0208589e+00   1.0691666e+00   1.1178192e+00   1.1672048e+00   1.2180803e+00   1.2716397e+00   1.3295524e+00
   6.3996600e-01   6.7534640e-01   7.1326683e-01   7.5362646e-01   7.9620319e-01   8.4067695e-01   8.8665542e-01   9.3372899e-01   9.8150755e-01   1.0296807e+00   1.0780998e+00   1.1268452e+00   1.1763043e+00   1.2272319e+00   1.2808168e+00   1.3387199e+00
   6.4693331e-01   6.8256992e-01   7.2073656e-01   7.6132974e-01   8.0412492e-01   8.4879992e-01   8.9496097e-01   9.4219758e-01   9.9011952e-01   1.0384169e+00   1.0869415e+00   1.1357745e+00   1.1853025e+00   1.2362782e+00   1.2898857e+00   1.3477773e+00
   6.5386700e-01   6.8975551e-01   7.2816349e-01   7.6898488e-01   8.1199274e-01   8.5686291e-01   9.0320028e-01   9.5059363e-01   9.9865270e-01   1.0470682e+00   1.0956929e+00   1.1446081e+00   1.1942005e+00   1.2452206e+00   1.2988479e+00   1.3567262e+00
   6.6076698e-01   6.9690312e-01   7.3554767e-01   7.7659199e-01   8.1980686e-01   8.6486626e-01   9.1137381e-01   9.5891770e-01   1.0071078e+00   1.0556356e+00   1.1043548e+00   1.1533474e+00   1.2029999e+00   1.2540607e+00   1.3077049e+00   1.3655681e+00
   6.6763320e-01   7.0401275e-01   7.4288912e-01   7.8415119e-01   8.2756750e-01   8.7281027e-01   9.1948200e-01   9.6717040e-01   1.0154856e+00   1.0641200e+00   1.1129283e+00   1.1619935e+00   1.2117017e+00   1.2627998e+00   1.3164581e+00   1.3743044e+00
   6.7446560e-01   7.1108438e-01   7.5018789e-01   7.9166259e-01   8.3527487e-01   8.8069528e-01   9.2752530e-01   9.7535230e-01   1.0237869e+00   1.0725223e+00   1.1214145e+00   1.1705475e+00   1.2203073e+00   1.2714392e+00   1.3251091e+00   1.3829366e+00
   6.8126413e-01   7.1811800e-01   7.5744403e-01   7.9912633e-01   8.4292920e-01   8.8852161e-01   9.3550417e-01   9.8346401e-01   1.0320122e+00   1.0808433e+00   1.1298144e+00   1.1790106e+00   1.2288180e+00   1.2799803e+00   1.3336591e+00   1.3914662e+00
   6.8802875e-01   7.2511361e-01   7.6465761e-01   8.0654253e-01   8.5053070e-01   8.9628960e-01   9.4341905e-01   9.9150609e-01   1.0401624e+00   1.0890838e+00   1.1381290e+00   1.1873839e+00   1.2372350e+00   1.2884244e+00   1.3421096e+00   1.3998945e+00
   6.9475941e-01   7.3207122e-01   7.7182869e-01   8.1391134e-01   8.5807961e-01   9.0399959e-01   9.5127041e-01   9.9947913e-01   1.0482382e+00   1.0972448e+00   1.1463591e+00   1.1956684e+00   1.2455594e+00   1.2967727e+00   1.3504618e+00   1.4082231e+00
   7.0145609e-01   7.3899084e-01   7.7895733e-01   8.2123291e-01   8.6557616e-01   9.1165191e-01   9.5905870e-01   1.0073837e+00   1.0562403e+00   1.1053271e+00   1.1545059e+00   1.2038654e+00   1.2537925e+00   1.3050266e+00   1.3587173e+00   1.4164531e+00
   7.0811875e-01   7.4587248e-01   7.8604361e-01   8.2850737e-01   8.7302060e-01   9.1924689e-01   9.6678436e-01   1.0152204e+00   1.0641694e+00   1.1133315e+00   1.1625702e+00   1.2119757e+00   1.2619354e+00   1.3131873e+00   1.3668771e+00   1.4245859e+00
   7.1474737e-01   7.5271616e-01   7.9308762e-01   8.3573489e-01   8.8041315e-01   9.2678490e-01   9.7444786e-01   1.0229898e+00   1.0720262e+00   1.1212588e+00   1.1705530e+00   1.2200005e+00   1.2699892e+00   1.3212560e+00   1.3749426e+00   1.4326229e+00
   7.2134194e-01   7.5952192e-01   8.0008943e-01   8.4291563e-01   8.8775407e-01   9.3426626e-01   9.8204965e-01   1.0306924e+00   1.0798113e+00   1.1291098e+00   1.1784553e+00   1.2279409e+00   1.2779551e+00   1.3292339e+00   1.3829151e+00   1.4405653e+00
   7.2790243e-01   7.6628978e-01   8.0704915e-01   8.5004974e-01   8.9504361e-01   9.4169132e-01   9.8959018e-01   1.0383289e+00   1.0875255e+00   1.1368854e+00   1.1862778e+00   1.2357978e+00   1.2858343e+00   1.3371222e+00   1.3907958e+00   1.4484144e+00
   7.3442884e-01   7.7301978e-01   8.1396685e-01   8.5713739e-01   9.0228201e-01   9.4906044e-01   9.9706990e-01   1.0458998e+00   1.0951694e+00   1.1445863e+00   1.1940216e+00   1.2435722e+00   1.2936277e+00   1.3449220e+00   1.3985859e+00   1.4561714e+00
   7.4092118e-01   7.7971196e-01   8.2084265e-01   8.6417876e-01   9.0946953e-01   9.5637396e-01   1.0044893e+00   1.0534056e+00   1.1027438e+00   1.1522133e+00   1.2016876e+00   1.2512651e+00   1.3013365e+00   1.3526346e+00   1.4062866e+00   1.4638375e+00
   7.4737943e-01   7.8636637e-01   8.2767665e-01   8.7117402e-01   9.1660643e-01   9.6363222e-01   1.0118487e+00   1.0608469e+00   1.1102492e+00   1.1597672e+00   1.2092765e+00   1.2588775e+00   1.3089617e+00   1.3602609e+00   1.4138990e+00   1.4714139e+00
   7.5380361e-01   7.9298306e-01   8.3446896e-01   8.7812334e-01   9.2369297e-01   9.7083559e-01   1.0191488e+00   1.0682243e+00   1.1176864e+00   1.1672487e+00   1.2167893e+00   1.2664104e+00   1.3165043e+00   1.3678022e+00   1.4214243e+00   1.4789019e+00
   7.6019372e-01   7.9956208e-01   8.4121968e-01   8.8502691e-01   9.3072941e-01   9.7798441e-01   1.0263898e+00   1.0755384e+00   1.1250560e+00   1.1746587e+00   1.2242269e+00   1.2738647e+00   1.3239654e+00   1.3752595e+00   1.4288637e+00   1.4863025e+00
   7.6654978e-01   8.0610350e-01   8.4792893e-01   8.9188492e-01   9.3771601e-01   9.8507904e-01   1.0335722e+00   1.0827895e+00   1.1323586e+00   1.1819979e+00   1.2315900e+00   1.2812413e+00   1.3313460e+00   1.3826338e+00   1.4362182e+00   1.4936168e+00
   7.7287181e-01   8.1260737e-01   8.5459684e-01   8.9869754e-01   9.4465303e-01   9.9211982e-01   1.0406966e+00   1.0899784e+00   1.1395950e+00   1.1892669e+00   1.2388796e+00   1.2885412e+00   1.3386471e+00   1.3899262e+00   1.4434889e+00   1.5008461e+00
   7.7915982e-01   8.1907377e-01   8.6122353e-01   9.0546498e-01   9.5154075e-01   9.9910711e-01   1.0477633e+00   1.0971056e+00   1.1467656e+00   1.1964666e+00   1.2460964e+00   1.2957652e+00   1.3458696e+00   1.3971378e+00   1.4506770e+00   1.5079913e+00
   7.8541386e-01   8.2550276e-01   8.6780912e-01   9.1218742e-01   9.5837944e-01   1.0060413e+00   1.0547727e+00   1.1041715e+00   1.1538713e+00   1.2035977e+00   1.2532412e+00   1.3029143e+00   1.3530145e+00   1.4042696e+00   1.4577834e+00   1.5150536e+00
   7.9163394e-01   8.3189443e-01   8.7435375e-01   9.1886506e-01   9.6516936e-01   1.0129226e+00   1.0617254e+00   1.1111768e+00   1.1609125e+00   1.2106609e+00   1.2603149e+00   1.3099893e+00   1.3600828e+00   1.4113225e+00   1.4648092e+00   1.5220340e+00
   7.9782010e-01   8.3824885e-01   8.8085755e-01   9.2549809e-01   9.7191078e-01   1.0197516e+00   1.0686217e+00   1.1181219e+00   1.1678899e+00   1.2176568e+00   1.2673182e+00   1.3169911e+00   1.3670754e+00   1.4182975e+00   1.4717554e+00   1.5289336e+00
   8.0397239e-01   8.4456609e-01   8.8732065e-01   9.3208673e-01   9.7860399e-01   1.0265284e+00   1.0754622e+00   1.1250074e+00   1.1748042e+00   1.2245862e+00   1.2742520e+00   1.3239206e+00   1.3739931e+00   1.4251957e+00   1.4786230e+00   1.5357533e+00
   8.1009083e-01   8.5084626e-01   8.9374319e-01   9.3863117e-01   9.8524925e-01   1.0332536e+00   1.0822471e+00   1.1318338e+00   1.1816559e+00   1.2314499e+00   1.2811169e+00   1.3307785e+00   1.3808369e+00   1.4320179e+00   1.4854129e+00   1.5424942e+00
   8.1617548e-01   8.5708943e-01   9.0012533e-01   9.4513161e-01   9.9184683e-01   1.0399273e+00   1.0889771e+00   1.1386016e+00   1.1884456e+00   1.2382483e+00   1.2879137e+00   1.3375657e+00   1.3876078e+00   1.4387651e+00   1.4921263e+00   1.5491573e+00
   8.2222639e-01   8.6329570e-01   9.0646719e-01   9.5158826e-01   9.9839702e-01   1.0465500e+00   1.0956524e+00   1.1453113e+00   1.1951739e+00   1.2449824e+00   1.2946433e+00   1.3442831e+00   1.3943065e+00   1.4454382e+00   1.4987640e+00   1.5557434e+00
   8.2824360e-01   8.6946517e-01   9.1276894e-01   9.5800133e-01   1.0049001e+00   1.0531221e+00   1.1022736e+00   1.1519635e+00   1.2018415e+00   1.2516526e+00   1.3013063e+00   1.3509314e+00   1.4009339e+00   1.4520381e+00   1.5053269e+00   1.5622537e+00
   8.3422717e-01   8.7559793e-01   9.1903071e-01   9.6437104e-01   1.0113563e+00   1.0596438e+00   1.1088410e+00   1.1585586e+00   1.2084489e+00   1.2582597e+00   1.3079035e+00   1.3575114e+00   1.4074908e+00   1.4585657e+00   1.5118160e+00   1.5686890e+00
   8.4017717e-01   8.8169408e-01   9.2525267e-01   9.7069758e-01   1.0177660e+00   1.0661156e+00   1.1153551e+00   1.1650972e+00   1.2149966e+00   1.2648043e+00   1.3144356e+00   1.3640240e+00   1.4139782e+00   1.4650219e+00   1.5182322e+00   1.5750502e+00
   8.4609365e-01   8.8775373e-01   9.3143496e-01   9.7698118e-01   1.0241294e+00   1.0725377e+00   1.1218162e+00   1.1715797e+00   1.2214853e+00   1.2712871e+00   1.3209032e+00   1.3704698e+00   1.4203968e+00   1.4714075e+00   1.5245763e+00   1.5813383e+00
   8.5197667e-01   8.9377698e-01   9.3757774e-01   9.8322205e-01   1.0304467e+00   1.0789106e+00   1.1282249e+00   1.1780066e+00   1.2279155e+00   1.2777086e+00   1.3273072e+00   1.3768496e+00   1.4267474e+00   1.4777235e+00   1.5308493e+00   1.5875541e+00
   8.5782630e-01   8.9976395e-01   9.4368118e-01   9.8942040e-01   1.0367184e+00   1.0852345e+00   1.1345816e+00   1.1843785e+00   1.2342878e+00   1.2840696e+00   1.3336481e+00   1.3831643e+00   1.4330309e+00   1.4839705e+00   1.5370520e+00   1.5936985e+00
   8.6364262e-01   9.0571473e-01   9.4974542e-01   9.9557645e-01   1.0429445e+00   1.0915099e+00   1.1408866e+00   1.1906958e+00   1.2406028e+00   1.2903706e+00   1.3399267e+00   1.3894145e+00   1.4392479e+00   1.4901496e+00   1.5431853e+00   1.5997725e+00
   8.6942569e-01   9.1162946e-01   9.5577064e-01   1.0016904e+00   1.0491256e+00   1.0977370e+00   1.1471403e+00   1.1969589e+00   1.2468609e+00   1.2966124e+00   1.3461437e+00   1.3956009e+00   1.4453994e+00   1.4962613e+00   1.5492500e+00   1.6057767e+00
   8.7517559e-01   9.1750823e-01   9.6175700e-01   1.0077625e+00   1.0552617e+00   1.1039162e+00   1.1533433e+00   1.2031685e+00   1.2530627e+00   1.3027953e+00   1.3522997e+00   1.4017243e+00   1.4514860e+00   1.5023067e+00   1.5552469e+00   1.6117122e+00
   8.8089239e-01   9.2335118e-01   9.6770466e-01   1.0137930e+00   1.0613532e+00   1.1100478e+00   1.1594958e+00   1.2093249e+00   1.2592088e+00   1.3089202e+00   1.3583954e+00   1.4077854e+00   1.4575086e+00   1.5082864e+00   1.5611768e+00   1.6175796e+00
   8.8657619e-01   9.2915842e-01   9.7361379e-01   1.0197820e+00   1.0674003e+00   1.1161322e+00   1.1655983e+00   1.2154286e+00   1.2652997e+00   1.3149875e+00   1.3644313e+00   1.4137848e+00   1.4634677e+00   1.5142012e+00   1.5670406e+00   1.6233799e+00
   8.9222705e-01   9.3493007e-01   9.7948457e-01   1.0257299e+00   1.0734034e+00   1.1221698e+00   1.1716512e+00   1.2214800e+00   1.2713359e+00   1.3209978e+00   1.3704083e+00   1.4197234e+00   1.4693643e+00   1.5200519e+00   1.5728389e+00   1.6291138e+00
   8.9784507e-01   9.4066626e-01   9.8531714e-01   1.0316367e+00   1.0793628e+00   1.1281608e+00   1.1776548e+00   1.2274797e+00   1.2773180e+00   1.3269518e+00   1.3763268e+00   1.4256017e+00   1.4751989e+00   1.5258393e+00   1.5785727e+00   1.6347820e+00
   9.0343033e-01   9.4636711e-01   9.9111170e-01   1.0375028e+00   1.0852786e+00   1.1341056e+00   1.1836097e+00   1.2334281e+00   1.2832464e+00   1.3328499e+00   1.3821876e+00   1.4314204e+00   1.4809723e+00   1.5315640e+00   1.5842427e+00   1.6403855e+00
   9.0898292e-01   9.5203276e-01   9.9686842e-01   1.0433284e+00   1.0911512e+00   1.1400045e+00   1.1895161e+00   1.2393257e+00   1.2891217e+00   1.3386929e+00   1.3879911e+00   1.4371801e+00   1.4866853e+00   1.5372268e+00   1.5898495e+00   1.6459249e+00
   9.1450293e-01   9.5766332e-01   1.0025875e+00   1.0491136e+00   1.0969808e+00   1.1458579e+00   1.1953745e+00   1.2451728e+00   1.2949444e+00   1.3444811e+00   1.3937381e+00   1.4428816e+00   1.4923384e+00   1.5428285e+00   1.5953940e+00   1.6514009e+00
   9.1999046e-01   9.6325894e-01   1.0082690e+00   1.0548588e+00   1.1027678e+00   1.1516660e+00   1.2011852e+00   1.2509700e+00   1.3007149e+00   1.3502152e+00   1.3994292e+00   1.4485255e+00   1.4979324e+00   1.5483697e+00   1.6008769e+00   1.6568144e+00
   9.2544559e-01   9.6881973e-01   1.0139132e+00   1.0605641e+00   1.1085123e+00   1.1574293e+00   1.2069487e+00   1.2567176e+00   1.3064338e+00   1.3558958e+00   1.4050649e+00   1.4541124e+00   1.5034680e+00   1.5538511e+00   1.6062988e+00   1.6621660e+00
   9.3086843e-01   9.7434585e-01   1.0195203e+00   1.0662297e+00   1.1142148e+00   1.1631481e+00   1.2126653e+00   1.2624162e+00   1.3121016e+00   1.3615233e+00   1.4106458e+00   1.4596429e+00   1.5089457e+00   1.5592734e+00   1.6116606e+00   1.6674565e+00
   9.3625907e-01   9.7983742e-01   1.0250904e+00   1.0718559e+00   1.1198754e+00   1.1688226e+00   1.2183354e+00   1.2680661e+00   1.3177187e+00   1.3670983e+00   1.4161725e+00   1.4651177e+00   1.5143663e+00   1.5646374e+00   1.6169628e+00   1.6726866e+00
   9.4161762e-01   9.8529457e-01   1.0306237e+00   1.0774429e+00   1.1254944e+00   1.1744532e+00   1.2239593e+00   1.2736678e+00   1.3232856e+00   1.3726213e+00   1.4216455e+00   1.4705373e+00   1.5197303e+00   1.5699435e+00   1.6222062e+00   1.6778569e+00
   9.4694418e-01   9.9071746e-01   1.0361204e+00   1.0829910e+00   1.1310721e+00   1.1800403e+00   1.2295375e+00   1.2792217e+00   1.3288028e+00   1.3780928e+00   1.4270655e+00   1.4759023e+00   1.5250385e+00   1.5751926e+00   1.6273915e+00   1.6829682e+00
   9.5223884e-01   9.9610621e-01   1.0415806e+00   1.0885003e+00   1.1366087e+00   1.1855841e+00   1.2350704e+00   1.2847282e+00   1.3342708e+00   1.3835134e+00   1.4324330e+00   1.4812134e+00   1.5302914e+00   1.5803853e+00   1.6325192e+00   1.6880211e+00
   9.5750172e-01   1.0014610e+00   1.0470046e+00   1.0939711e+00   1.1421046e+00   1.1910849e+00   1.2405582e+00   1.2901878e+00   1.3396900e+00   1.3888835e+00   1.4377484e+00   1.4864712e+00   1.5354897e+00   1.5855221e+00   1.6375902e+00   1.6930164e+00
   9.6273293e-01   1.0067819e+00   1.0523926e+00   1.0994036e+00   1.1475600e+00   1.1965432e+00   1.2460014e+00   1.2956008e+00   1.3450609e+00   1.3942037e+00   1.4430125e+00   1.4916761e+00   1.5406340e+00   1.5906038e+00   1.6426049e+00   1.6979545e+00
   9.6793256e-01   1.0120691e+00   1.0577446e+00   1.1047980e+00   1.1529752e+00   1.2019591e+00   1.2514003e+00   1.3009677e+00   1.3503840e+00   1.3994745e+00   1.4482256e+00   1.4968288e+00   1.5457248e+00   1.5956309e+00   1.6475641e+00   1.7028363e+00
   9.7310073e-01   1.0173227e+00   1.0630609e+00   1.1101545e+00   1.1583504e+00   1.2073330e+00   1.2567553e+00   1.3062888e+00   1.3556596e+00   1.4046963e+00   1.4533884e+00   1.5019299e+00   1.5507627e+00   1.6006041e+00   1.6524684e+00   1.7076622e+00
   9.7823755e-01   1.0225429e+00   1.0683417e+00   1.1154734e+00   1.1636860e+00   1.2126653e+00   1.2620667e+00   1.3115646e+00   1.3608882e+00   1.4098696e+00   1.4585013e+00   1.5069798e+00   1.5557484e+00   1.6055239e+00   1.6573184e+00   1.7124330e+00
   9.8334313e-01   1.0277298e+00   1.0735872e+00   1.1207550e+00   1.1689821e+00   1.2179562e+00   1.2673349e+00   1.3167955e+00   1.3660704e+00   1.4149949e+00   1.4635649e+00   1.5119792e+00   1.5606823e+00   1.6103910e+00   1.6621147e+00   1.7171493e+00
   9.8841759e-01   1.0328836e+00   1.0787975e+00   1.1259993e+00   1.1742390e+00   1.2232060e+00   1.2725602e+00   1.3219818e+00   1.3712064e+00   1.4200728e+00   1.4685797e+00   1.5169285e+00   1.5655651e+00   1.6152060e+00   1.6668579e+00   1.7218117e+00
   9.9346103e-01   1.0380045e+00   1.0839728e+00   1.1312067e+00   1.1794571e+00   1.2284151e+00   1.2777431e+00   1.3271240e+00   1.3762968e+00   1.4251035e+00   1.4735462e+00   1.5218283e+00   1.5703974e+00   1.6199693e+00   1.6715485e+00   1.7264207e+00
   9.9847358e-01   1.0430924e+00   1.0891133e+00   1.1363773e+00   1.1846365e+00   1.2335837e+00   1.2828837e+00   1.3322225e+00   1.3813419e+00   1.4300877e+00   1.4784648e+00   1.5266792e+00   1.5751796e+00   1.6246816e+00   1.6761873e+00   1.7309771e+00
   1.0034554e+00   1.0481477e+00   1.0942192e+00   1.1415114e+00   1.1897775e+00   1.2387122e+00   1.2879826e+00   1.3372775e+00   1.3863423e+00   1.4350258e+00   1.4833360e+00   1.5314816e+00   1.5799123e+00   1.6293435e+00   1.6807747e+00   1.7354812e+00
   1.0084065e+00   1.0531705e+00   1.0992907e+00   1.1466092e+00   1.1948804e+00   1.2438008e+00   1.2930399e+00   1.3422896e+00   1.3912982e+00   1.4399181e+00   1.4881605e+00   1.5362361e+00   1.5845960e+00   1.6339555e+00   1.6853113e+00   1.7399338e+00
   1.0133270e+00   1.0581608e+00   1.1043279e+00   1.1516709e+00   1.1999455e+00   1.2488499e+00   1.2980562e+00   1.3472590e+00   1.3962102e+00   1.4447653e+00   1.4929385e+00   1.5409431e+00   1.5892314e+00   1.6385181e+00   1.6897977e+00   1.7443354e+00
   1.0182172e+00   1.0631190e+00   1.1093311e+00   1.1566968e+00   1.2049729e+00   1.2538597e+00   1.3030316e+00   1.3521861e+00   1.4010785e+00   1.4495676e+00   1.4976706e+00   1.5456032e+00   1.5938188e+00   1.6430318e+00   1.6942344e+00   1.7486865e+00
   1.0230770e+00   1.0680450e+00   1.1143003e+00   1.1616870e+00   1.2099630e+00   1.2588305e+00   1.3079665e+00   1.3570714e+00   1.4059037e+00   1.4543256e+00   1.5023573e+00   1.5502168e+00   1.5983588e+00   1.6474973e+00   1.6986220e+00   1.7529877e+00
   1.0279066e+00   1.0729391e+00   1.1192359e+00   1.1666418e+00   1.2149161e+00   1.2637627e+00   1.3128613e+00   1.3619152e+00   1.4106861e+00   1.4590397e+00   1.5069990e+00   1.5547844e+00   1.6028519e+00   1.6519150e+00   1.7029610e+00   1.7572395e+00
   1.0327062e+00   1.0778014e+00   1.1241380e+00   1.1715614e+00   1.2198323e+00   1.2686565e+00   1.3177162e+00   1.3667178e+00   1.4154262e+00   1.4637102e+00   1.5115962e+00   1.5593066e+00   1.6072986e+00   1.6562855e+00   1.7072519e+00   1.7614425e+00
   1.0374759e+00   1.0826320e+00   1.1290067e+00   1.1764460e+00   1.2247119e+00   1.2735122e+00   1.3225317e+00   1.3714796e+00   1.4201242e+00   1.4683377e+00   1.5161493e+00   1.5637837e+00   1.6116994e+00   1.6606092e+00   1.7114952e+00   1.7655972e+00
   1.0422157e+00   1.0874312e+00   1.1338423e+00   1.1812958e+00   1.2295552e+00   1.2783301e+00   1.3273080e+00   1.3762010e+00   1.4247807e+00   1.4729225e+00   1.5206587e+00   1.5682163e+00   1.6160548e+00   1.6648867e+00   1.7156915e+00   1.7697042e+00
   1.0469258e+00   1.0921990e+00   1.1386450e+00   1.1861111e+00   1.2343624e+00   1.2831105e+00   1.3320454e+00   1.3808823e+00   1.4293959e+00   1.4774651e+00   1.5251249e+00   1.5726048e+00   1.6203653e+00   1.6691184e+00   1.7198413e+00   1.7737638e+00
   1.0516064e+00   1.0969357e+00   1.1434148e+00   1.1908921e+00   1.2391337e+00   1.2878537e+00   1.3367443e+00   1.3855238e+00   1.4339703e+00   1.4819658e+00   1.5295484e+00   1.5769497e+00   1.6246313e+00   1.6733049e+00   1.7239450e+00   1.7777767e+00
   1.0562575e+00   1.1016413e+00   1.1481520e+00   1.1956389e+00   1.2438695e+00   1.2925599e+00   1.3414049e+00   1.3901260e+00   1.4385042e+00   1.4864251e+00   1.5339295e+00   1.5812513e+00   1.6288533e+00   1.6774465e+00   1.7280032e+00   1.7817433e+00
   1.0608793e+00   1.1063161e+00   1.1528569e+00   1.2003518e+00   1.2485700e+00   1.2972294e+00   1.3460276e+00   1.3946891e+00   1.4429981e+00   1.4908434e+00   1.5382687e+00   1.5855103e+00   1.6330318e+00   1.6815439e+00   1.7320164e+00   1.7856641e+00
   1.0654719e+00   1.1109601e+00   1.1575295e+00   1.2050310e+00   1.2532353e+00   1.3018625e+00   1.3506128e+00   1.3992134e+00   1.4474522e+00   1.4952209e+00   1.5425664e+00   1.5897269e+00   1.6371671e+00   1.6855974e+00   1.7359850e+00   1.7895397e+00
   1.0700355e+00   1.1155735e+00   1.1621700e+00   1.2096767e+00   1.2578658e+00   1.3064595e+00   1.3551606e+00   1.4036994e+00   1.4518669e+00   1.4995583e+00   1.5468230e+00   1.5939016e+00   1.6412599e+00   1.6896076e+00   1.7399094e+00   1.7933704e+00
   1.0745701e+00   1.1201566e+00   1.1667787e+00   1.2142891e+00   1.2624617e+00   1.3110206e+00   1.3596714e+00   1.4081473e+00   1.4562426e+00   1.5038557e+00   1.5510389e+00   1.5980349e+00   1.6453104e+00   1.6935748e+00   1.7437902e+00   1.7971568e+00
   1.0790759e+00   1.1247094e+00   1.1713556e+00   1.2188685e+00   1.2670232e+00   1.3155461e+00   1.3641455e+00   1.4125575e+00   1.4605797e+00   1.5081136e+00   1.5552146e+00   1.6021271e+00   1.6493192e+00   1.6974995e+00   1.7476278e+00   1.8008993e+00
   1.0835530e+00   1.1292320e+00   1.1759011e+00   1.2234150e+00   1.2715506e+00   1.3200363e+00   1.3685831e+00   1.4169303e+00   1.4648785e+00   1.5123324e+00   1.5593503e+00   1.6061788e+00   1.6532867e+00   1.7013823e+00   1.7514227e+00   1.8045984e+00
   1.0880015e+00   1.1337247e+00   1.1804152e+00   1.2279289e+00   1.2760441e+00   1.3244915e+00   1.3729847e+00   1.4212660e+00   1.4691393e+00   1.5165125e+00   1.5634465e+00   1.6101902e+00   1.6572133e+00   1.7052234e+00   1.7551753e+00   1.8082545e+00
   1.0924216e+00   1.1381876e+00   1.1848982e+00   1.2324103e+00   1.2805039e+00   1.3289119e+00   1.3773505e+00   1.4255650e+00   1.4733625e+00   1.5206542e+00   1.5675036e+00   1.6141618e+00   1.6610993e+00   1.7090234e+00   1.7588861e+00   1.8118680e+00
   1.0968134e+00   1.1426208e+00   1.1893502e+00   1.2368595e+00   1.2849303e+00   1.3332978e+00   1.3816807e+00   1.4298275e+00   1.4775484e+00   1.5247578e+00   1.5715220e+00   1.6180940e+00   1.6649454e+00   1.7127826e+00   1.7625554e+00   1.8154395e+00
   1.1011771e+00   1.1470246e+00   1.1937714e+00   1.2412766e+00   1.2893235e+00   1.3376493e+00   1.3859757e+00   1.4340539e+00   1.4816974e+00   1.5288238e+00   1.5755021e+00   1.6219872e+00   1.6687517e+00   1.7165015e+00   1.7661838e+00   1.8189694e+00
   1.1055127e+00   1.1513990e+00   1.1981620e+00   1.2456620e+00   1.2936838e+00   1.3419669e+00   1.3902357e+00   1.4382444e+00   1.4858098e+00   1.5328524e+00   1.5794441e+00   1.6258418e+00   1.6725188e+00   1.7201806e+00   1.7697716e+00   1.8224580e+00
   1.1098204e+00   1.1557442e+00   1.2025222e+00   1.2500157e+00   1.2980113e+00   1.3462508e+00   1.3944610e+00   1.4423995e+00   1.4898860e+00   1.5368441e+00   1.5833486e+00   1.6296581e+00   1.6762471e+00   1.7238201e+00   1.7733193e+00   1.8259058e+00
   1.1141003e+00   1.1600603e+00   1.2068521e+00   1.2543380e+00   1.3023063e+00   1.3505011e+00   1.3986520e+00   1.4465193e+00   1.4939261e+00   1.5407992e+00   1.5872158e+00   1.6334366e+00   1.6799369e+00   1.7274206e+00   1.7768273e+00   1.8293133e+00
   1.1183525e+00   1.1643476e+00   1.2111519e+00   1.2586291e+00   1.3065691e+00   1.3547182e+00   1.4028088e+00   1.4506042e+00   1.4979307e+00   1.5447180e+00   1.5910461e+00   1.6371777e+00   1.6835886e+00   1.7309824e+00   1.7802959e+00   1.8326807e+00
   1.1225772e+00   1.1686061e+00   1.2154218e+00   1.2628891e+00   1.3107998e+00   1.3589023e+00   1.4069318e+00   1.4546546e+00   1.5018999e+00   1.5486009e+00   1.5948399e+00   1.6408816e+00   1.6872027e+00   1.7345058e+00   1.7837256e+00   1.8360087e+00
   1.1267746e+00   1.1728360e+00   1.2196620e+00   1.2671184e+00   1.3149987e+00   1.3630537e+00   1.4110212e+00   1.4586705e+00   1.5058342e+00   1.5524481e+00   1.5985975e+00   1.6445488e+00   1.6907794e+00   1.7379914e+00   1.7871168e+00   1.8392974e+00
   1.1309446e+00   1.1770376e+00   1.2238726e+00   1.2713170e+00   1.3191660e+00   1.3671726e+00   1.4150773e+00   1.4626525e+00   1.5097338e+00   1.5562601e+00   1.6023193e+00   1.6481795e+00   1.6943192e+00   1.7414395e+00   1.7904699e+00   1.8425474e+00
   1.1350875e+00   1.1812108e+00   1.2280539e+00   1.2754852e+00   1.3233019e+00   1.3712592e+00   1.4191004e+00   1.4666007e+00   1.5135990e+00   1.5600372e+00   1.6060055e+00   1.6517743e+00   1.6978224e+00   1.7448504e+00   1.7937852e+00   1.8457590e+00
   1.1392035e+00   1.1853559e+00   1.2322059e+00   1.2796232e+00   1.3274067e+00   1.3753138e+00   1.4230907e+00   1.4705155e+00   1.5174302e+00   1.5637796e+00   1.6096567e+00   1.6553334e+00   1.7012894e+00   1.7482246e+00   1.7970631e+00   1.8489326e+00
   1.1432925e+00   1.1894730e+00   1.2363289e+00   1.2837312e+00   1.3314805e+00   1.3793367e+00   1.4270485e+00   1.4743971e+00   1.5212276e+00   1.5674877e+00   1.6132730e+00   1.6588572e+00   1.7047206e+00   1.7515624e+00   1.8003041e+00   1.8520686e+00
   1.1473548e+00   1.1935623e+00   1.2404230e+00   1.2878093e+00   1.3355236e+00   1.3833280e+00   1.4309740e+00   1.4782459e+00   1.5249915e+00   1.5711619e+00   1.6168549e+00   1.6623460e+00   1.7081163e+00   1.7548641e+00   1.8035084e+00   1.8551673e+00
   1.1513905e+00   1.1976239e+00   1.2444885e+00   1.2918578e+00   1.3395362e+00   1.3872881e+00   1.4348676e+00   1.4820620e+00   1.5287223e+00   1.5748024e+00   1.6204026e+00   1.6658002e+00   1.7114769e+00   1.7581302e+00   1.8066765e+00   1.8582292e+00
   1.1553996e+00   1.2016579e+00   1.2485254e+00   1.2958768e+00   1.3435185e+00   1.3912171e+00   1.4387294e+00   1.4858458e+00   1.5324202e+00   1.5784095e+00   1.6239164e+00   1.6692201e+00   1.7148027e+00   1.7613609e+00   1.8098087e+00   1.8612546e+00
   1.1593825e+00   1.2056646e+00   1.2525340e+00   1.2998666e+00   1.3474707e+00   1.3951152e+00   1.4425598e+00   1.4895975e+00   1.5360856e+00   1.5819835e+00   1.6273968e+00   1.6726060e+00   1.7180940e+00   1.7645567e+00   1.8129054e+00   1.8642439e+00
   1.1633391e+00   1.2096441e+00   1.2565144e+00   1.3038274e+00   1.3513931e+00   1.3989828e+00   1.4463589e+00   1.4933175e+00   1.5397186e+00   1.5855248e+00   1.6308439e+00   1.6759583e+00   1.7213512e+00   1.7677179e+00   1.8159669e+00   1.8671973e+00
   1.1672696e+00   1.2135965e+00   1.2604667e+00   1.3077592e+00   1.3552858e+00   1.4028200e+00   1.4501271e+00   1.4970059e+00   1.5433196e+00   1.5890337e+00   1.6342582e+00   1.6792772e+00   1.7245747e+00   1.7708448e+00   1.8189936e+00   1.8701154e+00
   1.1711741e+00   1.2175219e+00   1.2643913e+00   1.3116624e+00   1.3591490e+00   1.4066271e+00   1.4538645e+00   1.5006631e+00   1.5468889e+00   1.5925104e+00   1.6376399e+00   1.6825632e+00   1.7277647e+00   1.7739377e+00   1.8219857e+00   1.8729983e+00
   1.1750528e+00   1.2214206e+00   1.2682881e+00   1.3155371e+00   1.3629830e+00   1.4104043e+00   1.4575714e+00   1.5042892e+00   1.5504268e+00   1.5959552e+00   1.6409894e+00   1.6858165e+00   1.7309215e+00   1.7769970e+00   1.8249438e+00   1.8758465e+00
   1.1789058e+00   1.2252926e+00   1.2721575e+00   1.3193835e+00   1.3667880e+00   1.4141519e+00   1.4612482e+00   1.5078847e+00   1.5539335e+00   1.5993685e+00   1.6443069e+00   1.6890374e+00   1.7340456e+00   1.7800231e+00   1.8278680e+00   1.8786603e+00
   1.1827332e+00   1.2291381e+00   1.2759995e+00   1.3232017e+00   1.3705642e+00   1.4178699e+00   1.4648949e+00   1.5114496e+00   1.5574093e+00   1.6027505e+00   1.6475927e+00   1.6922263e+00   1.7371372e+00   1.7830162e+00   1.8307587e+00   1.8814401e+00
   1.1865351e+00   1.2329573e+00   1.2798143e+00   1.3269920e+00   1.3743117e+00   1.4215588e+00   1.4685118e+00   1.5149844e+00   1.5608544e+00   1.6061014e+00   1.6508471e+00   1.6953834e+00   1.7401967e+00   1.7859767e+00   1.8336163e+00   1.8841861e+00
   1.1903117e+00   1.2367503e+00   1.2836021e+00   1.3307546e+00   1.3780308e+00   1.4252186e+00   1.4720992e+00   1.5184891e+00   1.5642692e+00   1.6094216e+00   1.6540705e+00   1.6985091e+00   1.7432243e+00   1.7889049e+00   1.8364410e+00   1.8868987e+00
   1.1940632e+00   1.2405172e+00   1.2873631e+00   1.3344895e+00   1.3817217e+00   1.4288496e+00   1.4756574e+00   1.5219642e+00   1.5676539e+00   1.6127114e+00   1.6572630e+00   1.7016036e+00   1.7462203e+00   1.7918011e+00   1.8392332e+00   1.8895782e+00
   1.1977895e+00   1.2442583e+00   1.2910974e+00   1.3381971e+00   1.3853845e+00   1.4324521e+00   1.4791864e+00   1.5254097e+00   1.5710088e+00   1.6159710e+00   1.6604251e+00   1.7046673e+00   1.7491851e+00   1.7946655e+00   1.8419933e+00   1.8922249e+00
   1.2014909e+00   1.2479735e+00   1.2948051e+00   1.3418775e+00   1.3890195e+00   1.4360261e+00   1.4826867e+00   1.5288261e+00   1.5743340e+00   1.6192008e+00   1.6635569e+00   1.7077004e+00   1.7521190e+00   1.7974986e+00   1.8447214e+00   1.8948392e+00
   1.2051675e+00   1.2516632e+00   1.2984865e+00   1.3455308e+00   1.3926269e+00   1.4395721e+00   1.4861583e+00   1.5322135e+00   1.5776300e+00   1.6224008e+00   1.6666588e+00   1.7107032e+00   1.7550222e+00   1.8003007e+00   1.8474179e+00   1.8974214e+00
   1.2088194e+00   1.2553274e+00   1.3021417e+00   1.3491573e+00   1.3962069e+00   1.4430901e+00   1.4896016e+00   1.5355721e+00   1.5808969e+00   1.6255715e+00   1.6697310e+00   1.7136760e+00   1.7578950e+00   1.8030719e+00   1.8500832e+00   1.8999716e+00
   1.2124468e+00   1.2589662e+00   1.3057709e+00   1.3527570e+00   1.3997596e+00   1.4465803e+00   1.4930167e+00   1.5389022e+00   1.5841349e+00   1.6287131e+00   1.6727739e+00   1.7166191e+00   1.7607378e+00   1.8058126e+00   1.8527175e+00   1.9024904e+00
   1.2160497e+00   1.2625798e+00   1.3093741e+00   1.3563303e+00   1.4032852e+00   1.4500431e+00   1.4964039e+00   1.5422040e+00   1.5873444e+00   1.6318259e+00   1.6757876e+00   1.7195328e+00   1.7635508e+00   1.8085232e+00   1.8553211e+00   1.9049779e+00
   1.2196283e+00   1.2661684e+00   1.3129517e+00   1.3598773e+00   1.4067840e+00   1.4534785e+00   1.4997634e+00   1.5454778e+00   1.5905256e+00   1.6349100e+00   1.6787724e+00   1.7224174e+00   1.7663343e+00   1.8112038e+00   1.8578943e+00   1.9074345e+00
   1.2231827e+00   1.2697322e+00   1.3165037e+00   1.3633981e+00   1.4102561e+00   1.4568868e+00   1.5030954e+00   1.5487238e+00   1.5936787e+00   1.6379658e+00   1.6817286e+00   1.7252730e+00   1.7690886e+00   1.8138548e+00   1.8604374e+00   1.9098604e+00
   1.2267131e+00   1.2732711e+00   1.3200302e+00   1.3668929e+00   1.4137018e+00   1.4602682e+00   1.5064001e+00   1.5519423e+00   1.5968039e+00   1.6409935e+00   1.6846565e+00   1.7281000e+00   1.7718139e+00   1.8164765e+00   1.8629507e+00   1.9122560e+00
   1.2302195e+00   1.2767854e+00   1.3235315e+00   1.3703619e+00   1.4171211e+00   1.4636228e+00   1.5096778e+00   1.5551333e+00   1.5999015e+00   1.6439934e+00   1.6875563e+00   1.7308987e+00   1.7745105e+00   1.8190690e+00   1.8654345e+00   1.9146215e+00
   1.2337021e+00   1.2802752e+00   1.3270078e+00   1.3738052e+00   1.4205143e+00   1.4669510e+00   1.5129286e+00   1.5582973e+00   1.6029718e+00   1.6469657e+00   1.6904283e+00   1.7336693e+00   1.7771787e+00   1.8216328e+00   1.8678890e+00   1.9169571e+00
   1.2371611e+00   1.2837407e+00   1.3304590e+00   1.3772231e+00   1.4238816e+00   1.4702528e+00   1.5161528e+00   1.5614343e+00   1.6060150e+00   1.6499106e+00   1.6932727e+00   1.7364120e+00   1.7798188e+00   1.8241681e+00   1.8703145e+00   1.9192633e+00
   1.2405965e+00   1.2871820e+00   1.3338855e+00   1.3806157e+00   1.4272231e+00   1.4735286e+00   1.5193505e+00   1.5645447e+00   1.6090312e+00   1.6528285e+00   1.6960898e+00   1.7391272e+00   1.7824310e+00   1.8266751e+00   1.8727113e+00   1.9215402e+00
   1.2440084e+00   1.2905992e+00   1.3372873e+00   1.3839831e+00   1.4305391e+00   1.4767784e+00   1.5225221e+00   1.5676286e+00   1.6120208e+00   1.6557194e+00   1.6988798e+00   1.7418150e+00   1.7850156e+00   1.8291541e+00   1.8750796e+00   1.9237882e+00
   1.2473970e+00   1.2939925e+00   1.3406647e+00   1.3873255e+00   1.4338297e+00   1.4800024e+00   1.5256676e+00   1.5706863e+00   1.6149839e+00   1.6585837e+00   1.7016429e+00   1.7444758e+00   1.7875728e+00   1.8316054e+00   1.8774198e+00   1.9260074e+00
   1.2507625e+00   1.2973620e+00   1.3440177e+00   1.3906432e+00   1.4370950e+00   1.4832009e+00   1.5287873e+00   1.5737179e+00   1.6179208e+00   1.6614216e+00   1.7043795e+00   1.7471097e+00   1.7901029e+00   1.8340292e+00   1.8797320e+00   1.9281982e+00
   1.2541049e+00   1.3007078e+00   1.3473465e+00   1.3939362e+00   1.4403354e+00   1.4863741e+00   1.5318814e+00   1.5767237e+00   1.6208316e+00   1.6642334e+00   1.7070897e+00   1.7497170e+00   1.7926061e+00   1.8364258e+00   1.8820166e+00   1.9303608e+00
   1.2574243e+00   1.3040301e+00   1.3506513e+00   1.3972047e+00   1.4435509e+00   1.4895221e+00   1.5349501e+00   1.5797039e+00   1.6237167e+00   1.6670192e+00   1.7097738e+00   1.7522980e+00   1.7950827e+00   1.8387954e+00   1.8842738e+00   1.9324955e+00
   1.2607210e+00   1.3073290e+00   1.3539323e+00   1.4004489e+00   1.4467417e+00   1.4926452e+00   1.5379936e+00   1.5826587e+00   1.6265763e+00   1.6697792e+00   1.7124320e+00   1.7548530e+00   1.7975330e+00   1.8411383e+00   1.8865038e+00   1.9346025e+00
   1.2639949e+00   1.3106047e+00   1.3571894e+00   1.4036689e+00   1.4499079e+00   1.4957434e+00   1.5410121e+00   1.5855882e+00   1.6294105e+00   1.6725138e+00   1.7150645e+00   1.7573820e+00   1.7999571e+00   1.8434547e+00   1.8887070e+00   1.9366821e+00
   1.2672462e+00   1.3138573e+00   1.3604230e+00   1.4068650e+00   1.4530499e+00   1.4988170e+00   1.5440057e+00   1.5884928e+00   1.6322195e+00   1.6752231e+00   1.7176716e+00   1.7598854e+00   1.8023553e+00   1.8457449e+00   1.8908835e+00   1.9387346e+00
   1.2704751e+00   1.3170868e+00   1.3636331e+00   1.4100372e+00   1.4561677e+00   1.5018662e+00   1.5469747e+00   1.5913726e+00   1.6350036e+00   1.6779074e+00   1.7202534e+00   1.7623634e+00   1.8047279e+00   1.8480092e+00   1.8930335e+00   1.9407601e+00
   1.2736817e+00   1.3202935e+00   1.3668199e+00   1.4131857e+00   1.4592615e+00   1.5048912e+00   1.5499193e+00   1.5942278e+00   1.6377631e+00   1.6805668e+00   1.7228103e+00   1.7648163e+00   1.8070750e+00   1.8502476e+00   1.8951574e+00   1.9427589e+00
   1.2768660e+00   1.3234775e+00   1.3699836e+00   1.4163107e+00   1.4623314e+00   1.5078921e+00   1.5528396e+00   1.5970587e+00   1.6404979e+00   1.6832015e+00   1.7253425e+00   1.7672442e+00   1.8093970e+00   1.8524605e+00   1.8972554e+00   1.9447314e+00
   1.2800282e+00   1.3266389e+00   1.3731243e+00   1.4194123e+00   1.4653777e+00   1.5108691e+00   1.5557358e+00   1.5998653e+00   1.6432085e+00   1.6858119e+00   1.7278500e+00   1.7696473e+00   1.8116940e+00   1.8546482e+00   1.8993277e+00   1.9466776e+00
   1.2831685e+00   1.3297779e+00   1.3762420e+00   1.4224907e+00   1.4684005e+00   1.5138224e+00   1.5586082e+00   1.6026479e+00   1.6458950e+00   1.6883980e+00   1.7303333e+00   1.7720260e+00   1.8139662e+00   1.8568108e+00   1.9013745e+00   1.9485978e+00
   1.2862869e+00   1.3328945e+00   1.3793371e+00   1.4255460e+00   1.4714000e+00   1.5167521e+00   1.5614569e+00   1.6054067e+00   1.6485576e+00   1.6909602e+00   1.7327924e+00   1.7743804e+00   1.8162140e+00   1.8589486e+00   1.9033961e+00   1.9504924e+00
   1.2893835e+00   1.3359889e+00   1.3824096e+00   1.4285784e+00   1.4743762e+00   1.5196585e+00   1.5642821e+00   1.6081419e+00   1.6511965e+00   1.6934985e+00   1.7352276e+00   1.7767107e+00   1.8184374e+00   1.8610617e+00   1.9053926e+00   1.9523614e+00
   1.2924585e+00   1.3390613e+00   1.3854596e+00   1.4315881e+00   1.4773295e+00   1.5225417e+00   1.5670839e+00   1.6108537e+00   1.6538118e+00   1.6960133e+00   1.7376392e+00   1.7790171e+00   1.8206368e+00   1.8631505e+00   1.9073644e+00   1.9542052e+00
   1.2955120e+00   1.3421117e+00   1.3884873e+00   1.4345751e+00   1.4802600e+00   1.5254018e+00   1.5698626e+00   1.6135422e+00   1.6564039e+00   1.6985046e+00   1.7400272e+00   1.7813000e+00   1.8228123e+00   1.8652151e+00   1.9093116e+00   1.9560239e+00
   1.2985441e+00   1.3451403e+00   1.3914928e+00   1.4375397e+00   1.4831677e+00   1.5282391e+00   1.5726183e+00   1.6162077e+00   1.6589728e+00   1.7009728e+00   1.7423919e+00   1.7835593e+00   1.8249641e+00   1.8672558e+00   1.9112345e+00   1.9578178e+00
   1.3015549e+00   1.3481472e+00   1.3944763e+00   1.4404819e+00   1.4860529e+00   1.5310537e+00   1.5753512e+00   1.6188502e+00   1.6615188e+00   1.7034180e+00   1.7447336e+00   1.7857955e+00   1.8270925e+00   1.8692728e+00   1.9131333e+00   1.9595871e+00
   1.3045446e+00   1.3511325e+00   1.3974379e+00   1.4434020e+00   1.4889158e+00   1.5338458e+00   1.5780615e+00   1.6214701e+00   1.6640420e+00   1.7058403e+00   1.7470523e+00   1.7880086e+00   1.8291977e+00   1.8712662e+00   1.9150082e+00   1.9613320e+00
   1.3075132e+00   1.3540964e+00   1.4003777e+00   1.4463001e+00   1.4917564e+00   1.5366156e+00   1.5807494e+00   1.6240675e+00   1.6665427e+00   1.7082401e+00   1.7493484e+00   1.7901989e+00   1.8312799e+00   1.8732363e+00   1.9168593e+00   1.9630527e+00
   1.3104609e+00   1.3570390e+00   1.4032959e+00   1.4491763e+00   1.4945749e+00   1.5393631e+00   1.5834149e+00   1.6266426e+00   1.6690210e+00   1.7106175e+00   1.7516220e+00   1.7923666e+00   1.8333392e+00   1.8751833e+00   1.9186870e+00   1.9647495e+00
   1.3133877e+00   1.3599604e+00   1.4061927e+00   1.4520308e+00   1.4973716e+00   1.5420886e+00   1.5860584e+00   1.6291955e+00   1.6714772e+00   1.7129726e+00   1.7538733e+00   1.7945119e+00   1.8353759e+00   1.8771074e+00   1.9204914e+00   1.9664225e+00
   1.3162939e+00   1.3628608e+00   1.4090680e+00   1.4548637e+00   1.5001465e+00   1.5447923e+00   1.5886799e+00   1.6317264e+00   1.6739113e+00   1.7153057e+00   1.7561024e+00   1.7966349e+00   1.8373902e+00   1.8790088e+00   1.9222727e+00   1.9680720e+00
   1.3191794e+00   1.3657402e+00   1.4119221e+00   1.4576751e+00   1.5028998e+00   1.5474742e+00   1.5912796e+00   1.6342355e+00   1.6763236e+00   1.7176169e+00   1.7583097e+00   1.7987359e+00   1.8393823e+00   1.8808877e+00   1.9240312e+00   1.9696981e+00
   1.3220444e+00   1.3685988e+00   1.4147552e+00   1.4604652e+00   1.5056316e+00   1.5501346e+00   1.5938578e+00   1.6367230e+00   1.6787142e+00   1.7199064e+00   1.7604952e+00   1.8008151e+00   1.8413524e+00   1.8827443e+00   1.9257670e+00   1.9713011e+00
   1.3248891e+00   1.3714366e+00   1.4175673e+00   1.4632342e+00   1.5083421e+00   1.5527735e+00   1.5964145e+00   1.6391890e+00   1.6810834e+00   1.7221745e+00   1.7626592e+00   1.8028726e+00   1.8433006e+00   1.8845788e+00   1.9274803e+00   1.9728812e+00
   1.3277135e+00   1.3742539e+00   1.4203585e+00   1.4659821e+00   1.5110315e+00   1.5553913e+00   1.5989499e+00   1.6416338e+00   1.6834313e+00   1.7244212e+00   1.7648018e+00   1.8049086e+00   1.8452272e+00   1.8863914e+00   1.9291714e+00   1.9744385e+00
   1.3305178e+00   1.3770508e+00   1.4231290e+00   1.4687092e+00   1.5136998e+00   1.5579879e+00   1.6014642e+00   1.6440574e+00   1.6857580e+00   1.7266468e+00   1.7669232e+00   1.8069234e+00   1.8471323e+00   1.8881823e+00   1.9308403e+00   1.9759733e+00
   1.3333020e+00   1.3798273e+00   1.4258790e+00   1.4714155e+00   1.5163473e+00   1.5605636e+00   1.6039575e+00   1.6464600e+00   1.6880638e+00   1.7288514e+00   1.7690236e+00   1.8089170e+00   1.8490161e+00   1.8899516e+00   1.9324874e+00   1.9774858e+00
   1.3360663e+00   1.3825836e+00   1.4286085e+00   1.4741011e+00   1.5189740e+00   1.5631185e+00   1.6064300e+00   1.6488418e+00   1.6903488e+00   1.7310353e+00   1.7711032e+00   1.8108897e+00   1.8508789e+00   1.8916996e+00   1.9341128e+00   1.9789761e+00
   1.3388108e+00   1.3853198e+00   1.4313177e+00   1.4767663e+00   1.5215802e+00   1.5656528e+00   1.6088819e+00   1.6512030e+00   1.6926132e+00   1.7331985e+00   1.7731621e+00   1.8128417e+00   1.8527208e+00   1.8934265e+00   1.9357166e+00   1.9804444e+00
   1.3415356e+00   1.3880360e+00   1.4340067e+00   1.4794112e+00   1.5241659e+00   1.5681666e+00   1.6113133e+00   1.6535437e+00   1.6948572e+00   1.7353413e+00   1.7752006e+00   1.8147732e+00   1.8545419e+00   1.8951323e+00   1.9372992e+00   1.9818909e+00
   1.3442407e+00   1.3907323e+00   1.4366757e+00   1.4820358e+00   1.5267314e+00   1.5706601e+00   1.6137243e+00   1.6558642e+00   1.6970808e+00   1.7374638e+00   1.7772188e+00   1.8166842e+00   1.8563425e+00   1.8968174e+00   1.9388606e+00   1.9833159e+00
   1.3469264e+00   1.3934089e+00   1.4393246e+00   1.4846404e+00   1.5292766e+00   1.5731334e+00   1.6161152e+00   1.6581644e+00   1.6992843e+00   1.7395662e+00   1.7792168e+00   1.8185751e+00   1.8581227e+00   1.8984819e+00   1.9404010e+00   1.9847194e+00
   1.3495926e+00   1.3960658e+00   1.4419538e+00   1.4872250e+00   1.5318019e+00   1.5755866e+00   1.6184860e+00   1.6604447e+00   1.7014679e+00   1.7416486e+00   1.7811949e+00   1.8204459e+00   1.8598828e+00   1.9001259e+00   1.9419206e+00   1.9861018e+00
   1.3522396e+00   1.3987033e+00   1.4445633e+00   1.4897898e+00   1.5343073e+00   1.5780200e+00   1.6208370e+00   1.6627051e+00   1.7036317e+00   1.7437113e+00   1.7831532e+00   1.8222968e+00   1.8616228e+00   1.9017496e+00   1.9434197e+00   1.9874630e+00
   1.3548674e+00   1.4013213e+00   1.4471532e+00   1.4923349e+00   1.5367929e+00   1.5804335e+00   1.6231682e+00   1.6649458e+00   1.7057758e+00   1.7457544e+00   1.7850918e+00   1.8241280e+00   1.8633429e+00   1.9033533e+00   1.9448983e+00   1.9888035e+00
   1.3574761e+00   1.4039200e+00   1.4497236e+00   1.4948605e+00   1.5392589e+00   1.5828275e+00   1.6254798e+00   1.6671670e+00   1.7079004e+00   1.7477779e+00   1.7870110e+00   1.8259397e+00   1.8650434e+00   1.9049371e+00   1.9463567e+00   1.9901232e+00
   1.3600658e+00   1.4064995e+00   1.4522747e+00   1.4973666e+00   1.5417055e+00   1.5852020e+00   1.6277720e+00   1.6693688e+00   1.7100057e+00   1.7497822e+00   1.7889108e+00   1.8277320e+00   1.8667244e+00   1.9065011e+00   1.9477949e+00   1.9914224e+00
   1.3626367e+00   1.4090600e+00   1.4548066e+00   1.4998534e+00   1.5441327e+00   1.5875572e+00   1.6300449e+00   1.6715513e+00   1.7120918e+00   1.7517674e+00   1.7907916e+00   1.8295051e+00   1.8683860e+00   1.9080455e+00   1.9492133e+00   1.9927012e+00
   1.3651888e+00   1.4116015e+00   1.4573194e+00   1.5023211e+00   1.5465406e+00   1.5898931e+00   1.6322986e+00   1.6737148e+00   1.7141588e+00   1.7537335e+00   1.7926533e+00   1.8312592e+00   1.8700284e+00   1.9095705e+00   1.9506119e+00   1.9939599e+00
   1.3677223e+00   1.4141242e+00   1.4598132e+00   1.5047696e+00   1.5489296e+00   1.5922100e+00   1.6345333e+00   1.6758593e+00   1.7162070e+00   1.7556809e+00   1.7944962e+00   1.8329944e+00   1.8716519e+00   1.9110762e+00   1.9519910e+00   1.9951986e+00
   1.3702372e+00   1.4166281e+00   1.4622882e+00   1.5071993e+00   1.5512995e+00   1.5945080e+00   1.6367492e+00   1.6779850e+00   1.7182365e+00   1.7576095e+00   1.7963204e+00   1.8347108e+00   1.8732564e+00   1.9125629e+00   1.9533506e+00   1.9964174e+00
   1.3727336e+00   1.4191134e+00   1.4647444e+00   1.5096101e+00   1.5536507e+00   1.5967872e+00   1.6389463e+00   1.6800921e+00   1.7202474e+00   1.7595196e+00   1.7981261e+00   1.8364087e+00   1.8748422e+00   1.9140306e+00   1.9546910e+00   1.9976165e+00
   1.3752117e+00   1.4215802e+00   1.4671820e+00   1.5120023e+00   1.5559831e+00   1.5990477e+00   1.6411249e+00   1.6821806e+00   1.7222398e+00   1.7614113e+00   1.7999135e+00   1.8380882e+00   1.8764095e+00   1.9154796e+00   1.9560123e+00   1.9987962e+00
   1.3776715e+00   1.4240286e+00   1.4696011e+00   1.5143759e+00   1.5582970e+00   1.6012897e+00   1.6432849e+00   1.6842508e+00   1.7242140e+00   1.7632848e+00   1.8016826e+00   1.8397493e+00   1.8779585e+00   1.9169100e+00   1.9573146e+00   1.9999564e+00
   1.3801132e+00   1.4264587e+00   1.4720017e+00   1.5167311e+00   1.5605925e+00   1.6035133e+00   1.6454267e+00   1.6863027e+00   1.7261700e+00   1.7651402e+00   1.8034337e+00   1.8413924e+00   1.8794891e+00   1.9183219e+00   1.9585982e+00   2.0010975e+00
   1.3825368e+00   1.4288706e+00   1.4743841e+00   1.5190679e+00   1.5628696e+00   1.6057187e+00   1.6475503e+00   1.6883366e+00   1.7281080e+00   1.7669777e+00   1.8051668e+00   1.8430175e+00   1.8810017e+00   1.9197155e+00   1.9598632e+00   2.0022196e+00
   1.3849425e+00   1.4312644e+00   1.4767483e+00   1.5213866e+00   1.5651286e+00   1.6079059e+00   1.6496558e+00   1.6903525e+00   1.7300281e+00   1.7687974e+00   1.8068821e+00   1.8446248e+00   1.8824964e+00   1.9210910e+00   1.9611097e+00   2.0033228e+00
   1.3873303e+00   1.4336402e+00   1.4790945e+00   1.5236871e+00   1.5673695e+00   1.6100751e+00   1.6517434e+00   1.6923506e+00   1.7319305e+00   1.7705994e+00   1.8085799e+00   1.8462145e+00   1.8839732e+00   1.9224484e+00   1.9623379e+00   2.0044072e+00
   1.3897004e+00   1.4359981e+00   1.4814227e+00   1.5259697e+00   1.5695925e+00   1.6122265e+00   1.6538133e+00   1.6943310e+00   1.7338153e+00   1.7723839e+00   1.8102601e+00   1.8477866e+00   1.8854324e+00   1.9237880e+00   1.9635479e+00   2.0054731e+00
   1.3920528e+00   1.4383383e+00   1.4837331e+00   1.5282345e+00   1.5717976e+00   1.6143601e+00   1.6558655e+00   1.6962938e+00   1.7356827e+00   1.7741510e+00   1.8119230e+00   1.8493413e+00   1.8868742e+00   1.9251100e+00   1.9647399e+00   2.0065206e+00
   1.3943876e+00   1.4406607e+00   1.4860257e+00   1.5304815e+00   1.5739850e+00   1.6164761e+00   1.6579001e+00   1.6982393e+00   1.7375328e+00   1.7759009e+00   1.8135687e+00   1.8508788e+00   1.8882986e+00   1.9264143e+00   1.9659141e+00   2.0075498e+00
   1.3967050e+00   1.4429657e+00   1.4883007e+00   1.5327108e+00   1.5761549e+00   1.6185745e+00   1.6599174e+00   1.7001674e+00   1.7393656e+00   1.7776336e+00   1.8151973e+00   1.8523991e+00   1.8897057e+00   1.9277013e+00   1.9670706e+00   2.0085608e+00
   1.3990050e+00   1.4452531e+00   1.4905583e+00   1.5349227e+00   1.5783073e+00   1.6206556e+00   1.6619174e+00   1.7020784e+00   1.7411815e+00   1.7793495e+00   1.8168089e+00   1.8539026e+00   1.8910958e+00   1.9289710e+00   1.9682094e+00   2.0095539e+00
   1.4012877e+00   1.4475232e+00   1.4927984e+00   1.5371172e+00   1.5804424e+00   1.6227195e+00   1.6639002e+00   1.7039724e+00   1.7429804e+00   1.7810484e+00   1.8184038e+00   1.8553892e+00   1.8924690e+00   1.9302235e+00   1.9693309e+00   2.0105292e+00
   1.4035533e+00   1.4497760e+00   1.4950212e+00   1.5392944e+00   1.5825602e+00   1.6247662e+00   1.6658660e+00   1.7058495e+00   1.7447625e+00   1.7827307e+00   1.8199821e+00   1.8568591e+00   1.8938254e+00   1.9314591e+00   1.9704351e+00   2.0114868e+00
   1.4058017e+00   1.4520117e+00   1.4972268e+00   1.5414544e+00   1.5846609e+00   1.6267959e+00   1.6678150e+00   1.7077098e+00   1.7465280e+00   1.7843964e+00   1.8215438e+00   1.8583125e+00   1.8951652e+00   1.9326778e+00   1.9715221e+00   2.0124269e+00
   1.4080332e+00   1.4542303e+00   1.4994153e+00   1.5435974e+00   1.5867447e+00   1.6288087e+00   1.6697471e+00   1.7095534e+00   1.7482769e+00   1.7860457e+00   1.8230891e+00   1.8597495e+00   1.8964884e+00   1.9338798e+00   1.9725921e+00   2.0133495e+00
   1.4102478e+00   1.4564319e+00   1.5015869e+00   1.5457234e+00   1.5888115e+00   1.6308047e+00   1.6716626e+00   1.7113806e+00   1.7500095e+00   1.7876787e+00   1.8246181e+00   1.8611701e+00   1.8977952e+00   1.9350653e+00   1.9736453e+00   2.0142549e+00
   1.4124455e+00   1.4586167e+00   1.5037416e+00   1.5478326e+00   1.5908616e+00   1.6327841e+00   1.6735616e+00   1.7131913e+00   1.7517258e+00   1.7892955e+00   1.8261310e+00   1.8625747e+00   1.8990859e+00   1.9362343e+00   1.9746818e+00   2.0151432e+00
   1.4146266e+00   1.4607847e+00   1.5058795e+00   1.5499250e+00   1.5928951e+00   1.6347469e+00   1.6754441e+00   1.7149858e+00   1.7534259e+00   1.7908962e+00   1.8276280e+00   1.8639632e+00   1.9003603e+00   1.9373870e+00   1.9757016e+00   2.0160145e+00
   1.4167910e+00   1.4629360e+00   1.5080007e+00   1.5520009e+00   1.5949120e+00   1.6366933e+00   1.6773104e+00   1.7167641e+00   1.7551100e+00   1.7924810e+00   1.8291090e+00   1.8653358e+00   1.9016188e+00   1.9385236e+00   1.9767050e+00   2.0168689e+00
   1.4189390e+00   1.4650708e+00   1.5101054e+00   1.5540601e+00   1.5969124e+00   1.6386234e+00   1.6791605e+00   1.7185264e+00   1.7567782e+00   1.7940500e+00   1.8305743e+00   1.8666927e+00   1.9028615e+00   1.9396440e+00   1.9776920e+00   2.0177067e+00
   1.4210704e+00   1.4671891e+00   1.5121936e+00   1.5561030e+00   1.5988966e+00   1.6405373e+00   1.6809945e+00   1.7202727e+00   1.7584306e+00   1.7956033e+00   1.8320239e+00   1.8680339e+00   1.9040884e+00   1.9407486e+00   1.9786629e+00   2.0185278e+00
   1.4231855e+00   1.4692910e+00   1.5142654e+00   1.5581296e+00   1.6008645e+00   1.6424351e+00   1.6828126e+00   1.7220033e+00   1.7600673e+00   1.7971411e+00   1.8334581e+00   1.8693596e+00   1.9052997e+00   1.9418374e+00   1.9796177e+00   2.0193325e+00
   1.4252844e+00   1.4713766e+00   1.5163210e+00   1.5601400e+00   1.6028163e+00   1.6443169e+00   1.6846149e+00   1.7237182e+00   1.7616885e+00   1.7986634e+00   1.8348769e+00   1.8706699e+00   1.9064956e+00   1.9429106e+00   1.9805565e+00   2.0201209e+00
   1.4273671e+00   1.4734460e+00   1.5183604e+00   1.5621342e+00   1.6047522e+00   1.6461829e+00   1.6864014e+00   1.7254175e+00   1.7632943e+00   1.8001704e+00   1.8362804e+00   1.8719650e+00   1.9076761e+00   1.9439682e+00   1.9814796e+00   2.0208931e+00
   1.4294337e+00   1.4754993e+00   1.5203838e+00   1.5641125e+00   1.6066721e+00   1.6480331e+00   1.6881724e+00   1.7271013e+00   1.7648848e+00   1.8016622e+00   1.8376687e+00   1.8732449e+00   1.9088413e+00   1.9450104e+00   1.9823870e+00   2.0216492e+00
   1.4314843e+00   1.4775367e+00   1.5223911e+00   1.5660749e+00   1.6085762e+00   1.6498676e+00   1.6899278e+00   1.7287699e+00   1.7664600e+00   1.8031389e+00   1.8390421e+00   1.8745098e+00   1.9099915e+00   1.9460373e+00   1.9832787e+00   2.0223894e+00
   1.4335191e+00   1.4795581e+00   1.5243826e+00   1.5680215e+00   1.6104647e+00   1.6516866e+00   1.6916679e+00   1.7304232e+00   1.7680202e+00   1.8046007e+00   1.8404005e+00   1.8757598e+00   1.9111266e+00   1.9470490e+00   1.9841551e+00   2.0231137e+00
   1.4355379e+00   1.4815637e+00   1.5263583e+00   1.5699524e+00   1.6123376e+00   1.6534902e+00   1.6933927e+00   1.7320614e+00   1.7695654e+00   1.8060476e+00   1.8417442e+00   1.8769950e+00   1.9122469e+00   1.9480457e+00   1.9850161e+00   2.0238224e+00
   1.4375411e+00   1.4835535e+00   1.5283183e+00   1.5718677e+00   1.6141950e+00   1.6552785e+00   1.6951023e+00   1.7336845e+00   1.7710958e+00   1.8074797e+00   1.8430732e+00   1.8782155e+00   1.9133524e+00   1.9490275e+00   1.9858620e+00   2.0245156e+00
   1.4395286e+00   1.4855278e+00   1.5302628e+00   1.5737674e+00   1.6160371e+00   1.6570515e+00   1.6967968e+00   1.7352928e+00   1.7726114e+00   1.8088973e+00   1.8443876e+00   1.8794214e+00   1.9144433e+00   1.9499945e+00   1.9866928e+00   2.0251932e+00
   1.4415006e+00   1.4874865e+00   1.5321917e+00   1.5756518e+00   1.6178639e+00   1.6588095e+00   1.6984765e+00   1.7368864e+00   1.7741124e+00   1.8103003e+00   1.8456876e+00   1.8806129e+00   1.9155197e+00   1.9509468e+00   1.9875086e+00   2.0258556e+00
   1.4434571e+00   1.4894297e+00   1.5341053e+00   1.5775209e+00   1.6196755e+00   1.6605524e+00   1.7001412e+00   1.7384652e+00   1.7755989e+00   1.8116889e+00   1.8469732e+00   1.8817901e+00   1.9165817e+00   1.9518845e+00   1.9883096e+00   2.0265027e+00
   1.4453982e+00   1.4913575e+00   1.5360035e+00   1.5793748e+00   1.6214720e+00   1.6622804e+00   1.7017913e+00   1.7400295e+00   1.7770709e+00   1.8130632e+00   1.8482446e+00   1.8829531e+00   1.9176294e+00   1.9528078e+00   1.9890958e+00   2.0271348e+00
   1.4473240e+00   1.4932701e+00   1.5378866e+00   1.5812136e+00   1.6232536e+00   1.6639936e+00   1.7034267e+00   1.7415793e+00   1.7785287e+00   1.8144234e+00   1.8495019e+00   1.8841019e+00   1.9186629e+00   1.9537167e+00   1.9898675e+00   2.0277519e+00
   1.4492345e+00   1.4951675e+00   1.5397545e+00   1.5830374e+00   1.6250203e+00   1.6656920e+00   1.7050476e+00   1.7431147e+00   1.7799722e+00   1.8157694e+00   1.8507452e+00   1.8852368e+00   1.9196823e+00   1.9546113e+00   1.9906246e+00   2.0283541e+00
   1.4511300e+00   1.4970498e+00   1.5416074e+00   1.5848462e+00   1.6267722e+00   1.6673759e+00   1.7066540e+00   1.7446359e+00   1.7814017e+00   1.8171015e+00   1.8519746e+00   1.8863578e+00   1.9206878e+00   1.9554919e+00   1.9913674e+00   2.0289417e+00
   1.4530103e+00   1.4989170e+00   1.5434453e+00   1.5866403e+00   1.6285095e+00   1.6690453e+00   1.7082461e+00   1.7461430e+00   1.7828171e+00   1.8184197e+00   1.8531902e+00   1.8874650e+00   1.9216794e+00   1.9563584e+00   1.9920959e+00   2.0295145e+00
   1.4548757e+00   1.5007693e+00   1.5452684e+00   1.5884196e+00   1.6302322e+00   1.6707003e+00   1.7098240e+00   1.7476360e+00   1.7842187e+00   1.8197242e+00   1.8543922e+00   1.8885585e+00   1.9226573e+00   1.9572111e+00   1.9928103e+00   2.0300729e+00
   1.4567262e+00   1.5026068e+00   1.5470767e+00   1.5901843e+00   1.6319404e+00   1.6723409e+00   1.7113878e+00   1.7491150e+00   1.7856065e+00   1.8210150e+00   1.8555805e+00   1.8896384e+00   1.9236215e+00   1.9580499e+00   1.9935106e+00   2.0306169e+00
   1.4585619e+00   1.5044295e+00   1.5488704e+00   1.5919344e+00   1.6336342e+00   1.6739674e+00   1.7129375e+00   1.7505802e+00   1.7869806e+00   1.8222922e+00   1.8567554e+00   1.8907049e+00   1.9245722e+00   1.9588751e+00   1.9941969e+00   2.0311466e+00
   1.4603829e+00   1.5062376e+00   1.5506495e+00   1.5936700e+00   1.6353137e+00   1.6755797e+00   1.7144733e+00   1.7520317e+00   1.7883411e+00   1.8235560e+00   1.8579169e+00   1.8917581e+00   1.9255095e+00   1.9596867e+00   1.9948695e+00   2.0316621e+00
   1.4621892e+00   1.5080310e+00   1.5524140e+00   1.5953913e+00   1.6369790e+00   1.6771780e+00   1.7159953e+00   1.7534695e+00   1.7896881e+00   1.8248064e+00   1.8590651e+00   1.8927979e+00   1.9264335e+00   1.9604848e+00   1.9955283e+00   2.0321635e+00
   1.4639809e+00   1.5098100e+00   1.5541642e+00   1.5970984e+00   1.6386301e+00   1.6787623e+00   1.7175035e+00   1.7548937e+00   1.7910218e+00   1.8260436e+00   1.8602002e+00   1.8938247e+00   1.9273442e+00   1.9612696e+00   1.9961735e+00   2.0326510e+00
   1.4657581e+00   1.5115745e+00   1.5559001e+00   1.5987912e+00   1.6402673e+00   1.6803329e+00   1.7189981e+00   1.7563046e+00   1.7923421e+00   1.8272676e+00   1.8613221e+00   1.8948383e+00   1.9282419e+00   1.9620410e+00   1.9968052e+00   2.0331246e+00
   1.4675210e+00   1.5133247e+00   1.5576217e+00   1.6004700e+00   1.6418906e+00   1.6818897e+00   1.7204791e+00   1.7577020e+00   1.7936493e+00   1.8284786e+00   1.8624312e+00   1.8958390e+00   1.9291265e+00   1.9627993e+00   1.9974234e+00   2.0335845e+00
   1.4692695e+00   1.5150606e+00   1.5593292e+00   1.6021347e+00   1.6435000e+00   1.6834328e+00   1.7219467e+00   1.7590862e+00   1.7949434e+00   1.8296766e+00   1.8635273e+00   1.8968269e+00   1.9299982e+00   1.9635446e+00   1.9980284e+00   2.0340307e+00
   1.4710037e+00   1.5167823e+00   1.5610226e+00   1.6037855e+00   1.6450956e+00   1.6849624e+00   1.7234010e+00   1.7604572e+00   1.7962245e+00   1.8308618e+00   1.8646107e+00   1.8978020e+00   1.9308571e+00   1.9642769e+00   1.9986201e+00   2.0344633e+00
   1.4727238e+00   1.5184899e+00   1.5627020e+00   1.6054225e+00   1.6466776e+00   1.6864785e+00   1.7248419e+00   1.7618151e+00   1.7974927e+00   1.8320342e+00   1.8656813e+00   1.8987644e+00   1.9317032e+00   1.9649963e+00   1.9991988e+00   2.0348826e+00
   1.4744297e+00   1.5201835e+00   1.5643675e+00   1.6070458e+00   1.6482461e+00   1.6879813e+00   1.7262697e+00   1.7631601e+00   1.7987480e+00   1.8331939e+00   1.8667394e+00   1.8997143e+00   1.9325368e+00   1.9657029e+00   1.9997644e+00   2.0352885e+00
   1.4761216e+00   1.5218632e+00   1.5660192e+00   1.6086553e+00   1.6498010e+00   1.6894708e+00   1.7276844e+00   1.7644922e+00   1.7999907e+00   1.8343411e+00   1.8677850e+00   1.9006517e+00   1.9333578e+00   1.9663969e+00   2.0003172e+00   2.0356811e+00
   1.4777996e+00   1.5235290e+00   1.5676571e+00   1.6102513e+00   1.6513426e+00   1.6909470e+00   1.7290861e+00   1.7658115e+00   1.8012207e+00   1.8354757e+00   1.8688183e+00   1.9015767e+00   1.9341664e+00   1.9670783e+00   2.0008571e+00   2.0360606e+00
   1.4794637e+00   1.5251810e+00   1.5692815e+00   1.6118339e+00   1.6528708e+00   1.6924102e+00   1.7304749e+00   1.7671180e+00   1.8024383e+00   1.8365980e+00   1.8698392e+00   1.9024895e+00   1.9349627e+00   1.9677473e+00   2.0013843e+00   2.0364271e+00
   1.4811140e+00   1.5268193e+00   1.5708922e+00   1.6134030e+00   1.6543858e+00   1.6938603e+00   1.7318509e+00   1.7684120e+00   1.8036433e+00   1.8377080e+00   1.8708479e+00   1.9033900e+00   1.9357467e+00   1.9684038e+00   2.0018989e+00   2.0367806e+00
   1.4827505e+00   1.5284440e+00   1.5724894e+00   1.6149587e+00   1.6558877e+00   1.6952975e+00   1.7332142e+00   1.7696934e+00   1.8048360e+00   1.8388057e+00   1.8718444e+00   1.9042785e+00   1.9365186e+00   1.9690481e+00   2.0024010e+00   2.0371213e+00
   1.4843734e+00   1.5300552e+00   1.5740733e+00   1.6165013e+00   1.6573766e+00   1.6967219e+00   1.7345648e+00   1.7709624e+00   1.8060165e+00   1.8398914e+00   1.8728290e+00   1.9051549e+00   1.9372784e+00   1.9696802e+00   2.0028906e+00   2.0374493e+00
   1.4859828e+00   1.5316529e+00   1.5756438e+00   1.6180306e+00   1.6588524e+00   1.6981335e+00   1.7359029e+00   1.7722190e+00   1.8071848e+00   1.8409650e+00   1.8738016e+00   1.9060195e+00   1.9380262e+00   1.9703001e+00   2.0033680e+00   2.0377646e+00
   1.4875786e+00   1.5332371e+00   1.5772010e+00   1.6195469e+00   1.6603154e+00   1.6995324e+00   1.7372285e+00   1.7734634e+00   1.8083409e+00   1.8420266e+00   1.8747623e+00   1.9068722e+00   1.9387622e+00   1.9709081e+00   2.0038331e+00   2.0380673e+00
