   0.0000000e+00   0.0000000e+00   0.0000000e+00   0.0000000e+00   0.0000000e+00   0.0000000e+00   0.0000000e+00   0.0000000e+00   0.0000000e+00   0.0000000e+00   0.0000000e+00   0.0000000e+00   0.0000000e+00   0.0000000e+00   0.0000000e+00   0.0000000e+00
   3.4827027e-03   3.5678973e-03   3.7624128e-03   4.0293046e-03   4.3462021e-03   4.6871461e-03   5.0462277e-03   5.4059567e-03   5.7681096e-03   6.1283674e-03   6.5044869e-03   6.8881655e-03   7.2973279e-03   7.7454443e-03   8.2570409e-03   8.8439208e-03
   6.8236124e-03   7.1705622e-03   7.5449797e-03   8.0693064e-03   8.6920071e-03   9.3701319e-03   1.0079967e-02   1.0798213e-02   1.1518871e-02   1.2243924e-02   1.2990664e-02   1.3762196e-02   1.4582687e-02   1.5484777e-02   1.6508318e-02   1.7685088e-02
   1.0089407e-02   1.0736002e-02   1.1349603e-02   1.2119368e-02   1.3040174e-02   1.4047249e-02   1.5103926e-02   1.6175890e-02   1.7255413e-02   1.8342933e-02   1.9462230e-02   2.0621384e-02   2.1857510e-02   2.3215950e-02   2.4754857e-02   2.6520934e-02
   1.3294475e-02   1.4272333e-02   1.5149422e-02   1.6181086e-02   1.7390498e-02   1.8720138e-02   2.0117797e-02   2.1540968e-02   2.2976766e-02   2.4427051e-02   2.5918418e-02   2.7467489e-02   2.9121108e-02   3.0939387e-02   3.2995171e-02   3.5352242e-02
   1.6450817e-02   1.7776855e-02   1.8941495e-02   2.0244670e-02   2.1744145e-02   2.3389004e-02   2.5122864e-02   2.6893451e-02   2.8684060e-02   3.0496026e-02   3.2360323e-02   3.4300391e-02   3.6374137e-02   3.8654374e-02   4.1229351e-02   4.4177211e-02
   1.9564884e-02   2.1252313e-02   2.2720399e-02   2.4307047e-02   2.6097796e-02   2.8054823e-02   3.0119522e-02   3.2234248e-02   3.4377479e-02   3.6550638e-02   3.8788075e-02   4.1120720e-02   4.3616441e-02   4.6361018e-02   4.9456474e-02   5.2995562e-02
   2.2641719e-02   2.4699768e-02   2.6484680e-02   2.8364175e-02   3.0449848e-02   3.2716733e-02   3.5108578e-02   3.7563802e-02   4.0057703e-02   4.2591192e-02   4.5202236e-02   4.7928620e-02   5.0848260e-02   5.4058939e-02   5.7676251e-02   6.1806019e-02
   2.5684861e-02   2.8120833e-02   3.0232857e-02   3.2413911e-02   3.4798061e-02   3.7374222e-02   4.0090069e-02   4.2882777e-02   4.5725179e-02   4.8618232e-02   5.1603112e-02   5.4724429e-02   5.8069564e-02   6.1748025e-02   6.5887988e-02   7.0607936e-02
   2.8697115e-02   3.1516677e-02   3.3964368e-02   3.6454329e-02   3.9140888e-02   4.2026337e-02   4.5064064e-02   4.8191520e-02   5.1380472e-02   5.4632174e-02   5.7991108e-02   6.1508332e-02   6.5280431e-02   6.9427979e-02   7.4091231e-02   7.9400292e-02
   3.1680668e-02   3.4888433e-02   3.7678791e-02   4.0484162e-02   4.3476866e-02   4.6672287e-02   5.0030351e-02   5.3490354e-02   5.7024008e-02   6.0633485e-02   6.4366551e-02   6.8280555e-02   7.2480836e-02   7.7098584e-02   8.2285373e-02   8.8182313e-02
   3.4637305e-02   3.8237040e-02   4.1375971e-02   4.4502390e-02   4.7804861e-02   5.1311248e-02   5.4988701e-02   5.8779439e-02   6.2656186e-02   6.6622561e-02   7.0729781e-02   7.5041270e-02   7.9670780e-02   8.4759551e-02   9.0469894e-02   9.6953093e-02
   3.7568490e-02   4.1563345e-02   4.5055839e-02   4.8508278e-02   5.2123903e-02   5.5942507e-02   5.9938810e-02   6.4058877e-02   6.8277314e-02   7.2599778e-02   7.7081094e-02   8.1790644e-02   8.6850215e-02   9.2410614e-02   9.8644218e-02   1.0571182e-01
   4.0475454e-02   4.4868080e-02   4.8718422e-02   5.2501255e-02   5.6433206e-02   6.0565408e-02   6.4880372e-02   6.9328696e-02   7.3887649e-02   7.8565455e-02   8.3420768e-02   8.8528813e-02   9.4019094e-02   1.0005147e-01   1.0680780e-01   1.1445765e-01
   4.3359235e-02   4.8151898e-02   5.2363785e-02   5.6480894e-02   6.0732118e-02   6.5179380e-02   6.9813076e-02   7.4588883e-02   7.9487382e-02   8.4519871e-02   8.9749042e-02   9.5255896e-02   1.0117734e-01   1.0768183e-01   1.1496008e-01   1.2318978e-01
   4.6220727e-02   5.1415375e-02   5.5992030e-02   6.0446871e-02   6.5020103e-02   6.9783920e-02   7.4736627e-02   7.9839391e-02   8.5076660e-02   9.0463256e-02   9.6066123e-02   1.0197199e-01   1.0832488e-01   1.1530138e-01   1.2310049e-01   1.3190739e-01
   4.9060701e-02   5.4659027e-02   5.9603277e-02   6.4398941e-02   6.9296718e-02   7.4378593e-02   7.9650745e-02   8.5080152e-02   9.0655589e-02   9.6395800e-02   1.0237218e-01   1.0867715e-01   1.1546160e-01   1.2290981e-01   1.3122849e-01   1.4060970e-01
   5.1879832e-02   5.7883317e-02   6.3197658e-02   6.8336925e-02   7.3561599e-02   7.8963020e-02   8.4555173e-02   9.0311083e-02   9.6224240e-02   1.0231765e-01   1.0866736e-01   1.1537143e-01   1.2258739e-01   1.3050678e-01   1.3934353e-01   1.4929597e-01
   5.4678713e-02   6.1088660e-02   6.6775310e-02   7.2260689e-02   7.7814446e-02   8.3536874e-02   8.9449673e-02   9.5532095e-02   1.0178266e-01   1.0822893e-01   1.1495177e-01   1.2205485e-01   1.2970211e-01   1.3809197e-01   1.4744507e-01   1.5796547e-01
   5.7457870e-02   6.4275435e-02   7.0336376e-02   7.6170141e-02   8.2055013e-02   8.8099873e-02   9.4334030e-02   1.0074309e-01   1.0733086e-01   1.1412972e-01   1.2122547e-01   1.2872739e-01   1.3680560e-01   1.4566504e-01   1.5553258e-01   1.6661753e-01
   6.0217772e-02   6.7443985e-02   7.3880996e-02   8.0065218e-02   8.6283098e-02   9.2651775e-02   9.9208052e-02   1.0594398e-01   1.1286885e-01   1.2002008e-01   1.2748853e-01   1.3538904e-01   1.4389772e-01   1.5322567e-01   1.6360556e-01   1.7525151e-01
   6.2958840e-02   7.0594625e-02   7.7409311e-02   8.3945883e-02   9.0498536e-02   9.7192370e-02   1.0407156e-01   1.1113466e-01   1.1839661e-01   1.2590004e-01   1.3374096e-01   1.4203974e-01   1.5097827e-01   1.6077351e-01   1.7166351e-01   1.8386683e-01
   6.5681455e-02   7.3727643e-02   8.0921459e-02   8.7812116e-02   9.4701196e-02   1.0172148e-01   1.0892440e-01   1.1631504e-01   1.2391411e-01   1.3176961e-01   1.3998276e-01   1.4867942e-01   1.5804707e-01   1.6830823e-01   1.7970598e-01   1.9246294e-01
   6.8385961e-02   7.6843305e-02   8.4417577e-02   9.1663916e-02   9.8890969e-02   1.0623895e-01   1.1376643e-01   1.2148502e-01   1.2942133e-01   1.3762878e-01   1.4621391e-01   1.5530798e-01   1.6510392e-01   1.7582951e-01   1.8773251e-01   2.0103931e-01
   7.1072674e-02   7.9941859e-02   8.7897797e-02   9.5501293e-02   1.0306777e-01   1.1074466e-01   1.1859752e-01   1.2664452e-01   1.3491820e-01   1.4347753e-01   1.5243436e-01   1.6192533e-01   1.7214862e-01   1.8333702e-01   1.9574268e-01   2.0959549e-01
   7.3741881e-02   8.3023531e-02   9.1362248e-02   9.9324268e-02   1.0723154e-01   1.1523848e-01   1.2341756e-01   1.3179345e-01   1.4040468e-01   1.4931582e-01   1.5864407e-01   1.6853135e-01   1.7918096e-01   1.9083045e-01   2.0373609e-01   2.1813102e-01
   7.6393849e-02   8.6088536e-02   9.4811056e-02   1.0313287e-01   1.1138222e-01   1.1972032e-01   1.2822644e-01   1.3693172e-01   1.4588069e-01   1.5514359e-01   1.6484295e-01   1.7512591e-01   1.8620073e-01   1.9830949e-01   2.1171235e-01   2.2664549e-01
   7.9028823e-02   8.9137074e-02   9.8244342e-02   1.0692713e-01   1.1551977e-01   1.2419011e-01   1.3302407e-01   1.4205924e-01   1.5134619e-01   1.6096079e-01   1.7103091e-01   1.8170887e-01   1.9320770e-01   2.0577385e-01   2.1967111e-01   2.3513851e-01
   8.1647030e-02   9.2169331e-02   1.0166222e-01   1.1070709e-01   1.1964417e-01   1.2864777e-01   1.3781037e-01   1.4717595e-01   1.5680109e-01   1.6676733e-01   1.7720786e-01   1.8828007e-01   2.0020166e-01   2.1322322e-01   2.2761201e-01   2.4360971e-01
   8.4248682e-02   9.5185484e-02   1.0506482e-01   1.1447281e-01   1.2375540e-01   1.3309325e-01   1.4258526e-01   1.5228175e-01   1.6224532e-01   1.7256315e-01   1.8337370e-01   1.9483937e-01   2.0718239e-01   2.2065734e-01   2.3553471e-01   2.5205873e-01
   8.6833978e-02   9.8185699e-02   1.0845224e-01   1.1822431e-01   1.2785346e-01   1.3752649e-01   1.4734866e-01   1.5737658e-01   1.6767880e-01   1.7834814e-01   1.8952830e-01   2.0138660e-01   2.1414967e-01   2.2807590e-01   2.4343890e-01   2.6048524e-01
   8.9403104e-02   1.0117013e-01   1.1182458e-01   1.2196166e-01   1.3193833e-01   1.4194745e-01   1.5210052e-01   1.6246036e-01   1.7310144e-01   1.8412221e-01   1.9567155e-01   2.0792160e-01   2.2110328e-01   2.3547866e-01   2.5132426e-01   2.6888890e-01
   9.1956235e-02   1.0413894e-01   1.1518197e-01   1.2568490e-01   1.3601002e-01   1.4635610e-01   1.5684078e-01   1.6753301e-01   1.7851318e-01   1.8988527e-01   2.0180331e-01   2.1444419e-01   2.2804301e-01   2.4286534e-01   2.5919050e-01   2.7726939e-01
   9.4493534e-02   1.0709225e-01   1.1852448e-01   1.2939409e-01   1.4006854e-01   1.5075240e-01   1.6156937e-01   1.7259447e-01   1.8391391e-01   1.9563721e-01   2.0792346e-01   2.2095422e-01   2.3496864e-01   2.5023568e-01   2.6703732e-01   2.8562641e-01
   9.7015159e-02   1.1003021e-01   1.2185224e-01   1.3308928e-01   1.4411390e-01   1.5513633e-01   1.6628625e-01   1.7764465e-01   1.8930355e-01   2.0137792e-01   2.1403185e-01   2.2745151e-01   2.4187995e-01   2.5758943e-01   2.7486443e-01   2.9395964e-01
   9.9521256e-02   1.1295294e-01   1.2516532e-01   1.3677053e-01   1.4814611e-01   1.5950787e-01   1.7099136e-01   1.8268350e-01   1.9468202e-01   2.0710729e-01   2.2012836e-01   2.3393587e-01   2.4877673e-01   2.6492633e-01   2.8267155e-01   3.0226878e-01
   1.0201197e-01   1.1586057e-01   1.2846382e-01   1.4043789e-01   1.5216518e-01   1.6386700e-01   1.7568466e-01   1.8771095e-01   2.0004922e-01   2.1282522e-01   2.2621284e-01   2.4040715e-01   2.5565878e-01   2.7224615e-01   2.9045840e-01   3.1055353e-01
   1.0448742e-01   1.1875321e-01   1.3174783e-01   1.4409141e-01   1.5617113e-01   1.6821370e-01   1.8036611e-01   1.9272691e-01   2.0540507e-01   2.1853158e-01   2.3228515e-01   2.4686515e-01   2.6252587e-01   2.7954863e-01   2.9822472e-01   3.1881359e-01
   1.0694775e-01   1.2163098e-01   1.3501744e-01   1.4773114e-01   1.6016398e-01   1.7254795e-01   1.8503566e-01   1.9773134e-01   2.1074947e-01   2.2422626e-01   2.3834514e-01   2.5330972e-01   2.6937780e-01   2.8683353e-01   3.0597022e-01   3.2704867e-01
   1.0939308e-01   1.2449398e-01   1.3827273e-01   1.5135714e-01   1.6414374e-01   1.7686975e-01   1.8969327e-01   2.0272416e-01   2.1608234e-01   2.2990915e-01   2.4439267e-01   2.5974066e-01   2.7621437e-01   2.9410062e-01   3.1369465e-01   3.3525848e-01
   1.1182352e-01   1.2734232e-01   1.4151377e-01   1.5496946e-01   1.6811045e-01   1.8117908e-01   1.9433890e-01   2.0770530e-01   2.2140358e-01   2.3558012e-01   2.5042759e-01   2.6615781e-01   2.8303536e-01   3.0134965e-01   3.2139774e-01   3.4344272e-01
   1.1423918e-01   1.3017610e-01   1.4474066e-01   1.5856815e-01   1.7206410e-01   1.8547593e-01   1.9897252e-01   2.1267471e-01   2.2671310e-01   2.4123907e-01   2.5644976e-01   2.7256099e-01   2.8984057e-01   3.0858040e-01   3.2907923e-01   3.5160111e-01
   1.1664016e-01   1.3299541e-01   1.4795346e-01   1.6215325e-01   1.7600474e-01   1.8976029e-01   2.0359407e-01   2.1763231e-01   2.3201081e-01   2.4688587e-01   2.6245904e-01   2.7895003e-01   2.9662979e-01   3.1579263e-01   3.3673884e-01   3.5973335e-01
   1.1902658e-01   1.3580035e-01   1.5115224e-01   1.6572482e-01   1.7993237e-01   1.9403215e-01   2.0820354e-01   2.2257803e-01   2.3729662e-01   2.5252040e-01   2.6845528e-01   2.8532475e-01   3.0340283e-01   3.2298610e-01   3.4437633e-01   3.6783917e-01
   1.2139854e-01   1.3859100e-01   1.5433709e-01   1.6928290e-01   1.8384701e-01   1.9829151e-01   2.1280087e-01   2.2751183e-01   2.4257043e-01   2.5814255e-01   2.7443833e-01   2.9168498e-01   3.1015948e-01   3.3016058e-01   3.5199143e-01   3.7591827e-01
   1.2375611e-01   1.4136745e-01   1.5750806e-01   1.7282754e-01   1.8774869e-01   2.0253835e-01   2.1738603e-01   2.3243363e-01   2.4783217e-01   2.6375220e-01   2.8040804e-01   2.9803054e-01   3.1689953e-01   3.3731586e-01   3.5958390e-01   3.8397038e-01
   1.2609940e-01   1.4412979e-01   1.6066522e-01   1.7635878e-01   1.9163742e-01   2.0677266e-01   2.2195899e-01   2.3734336e-01   2.5308173e-01   2.6934924e-01   2.8636428e-01   3.0436126e-01   3.2362279e-01   3.4445169e-01   3.6715346e-01   3.9199522e-01
   1.2842849e-01   1.4687808e-01   1.6380863e-01   1.7987667e-01   1.9551322e-01   2.1099444e-01   2.2651971e-01   2.4224098e-01   2.5831903e-01   2.7493353e-01   2.9230690e-01   3.1067697e-01   3.3032906e-01   3.5156784e-01   3.7469988e-01   3.9999251e-01
   1.3074347e-01   1.4961241e-01   1.6693836e-01   1.8338124e-01   1.9937611e-01   2.1520368e-01   2.3106815e-01   2.4712640e-01   2.6354397e-01   2.8050498e-01   2.9823575e-01   3.1697750e-01   3.3701813e-01   3.5866411e-01   3.8222290e-01   4.0796198e-01
   1.3304442e-01   1.5233285e-01   1.7005447e-01   1.8687253e-01   2.0322610e-01   2.1940036e-01   2.3560428e-01   2.5199958e-01   2.6875648e-01   2.8606346e-01   3.0415069e-01   3.2326268e-01   3.4368981e-01   3.6574025e-01   3.8972227e-01   4.1590337e-01
   1.3533141e-01   1.5503947e-01   1.7315701e-01   1.9035058e-01   2.0706321e-01   2.2358448e-01   2.4012806e-01   2.5686044e-01   2.7395645e-01   2.9160885e-01   3.1005157e-01   3.2953233e-01   3.5034391e-01   3.7279605e-01   3.9719774e-01   4.2381640e-01
   1.3760453e-01   1.5773235e-01   1.7624603e-01   1.9381544e-01   2.1088745e-01   2.2775603e-01   2.4463945e-01   2.6170892e-01   2.7914380e-01   2.9714103e-01   3.1593826e-01   3.3578628e-01   3.5698022e-01   3.7983128e-01   4.0464908e-01   4.3170081e-01
   1.3986384e-01   1.6041153e-01   1.7932160e-01   1.9726712e-01   2.1469883e-01   2.3191500e-01   2.4913843e-01   2.6654497e-01   2.8431843e-01   3.0265990e-01   3.2181061e-01   3.4202438e-01   3.6359855e-01   3.8684574e-01   4.1207605e-01   4.3955636e-01
   1.4210941e-01   1.6307710e-01   1.8238376e-01   2.0070568e-01   2.1849737e-01   2.3606137e-01   2.5362495e-01   2.7136852e-01   2.8948027e-01   3.0816534e-01   3.2766847e-01   3.4824644e-01   3.7019871e-01   3.9383919e-01   4.1947840e-01   4.4738278e-01
   1.4434131e-01   1.6572911e-01   1.8543256e-01   2.0413113e-01   2.2228308e-01   2.4019513e-01   2.5809897e-01   2.7617950e-01   2.9462922e-01   3.1365723e-01   3.3351171e-01   3.5445230e-01   3.7678050e-01   4.0081143e-01   4.2685590e-01   4.5517984e-01
   1.4655961e-01   1.6836761e-01   1.8846804e-01   2.0754351e-01   2.2605598e-01   2.4431628e-01   2.6256047e-01   2.8097786e-01   2.9976519e-01   3.1913546e-01   3.3934019e-01   3.6064180e-01   3.8334374e-01   4.0776225e-01   4.3420832e-01   4.6294730e-01
   1.4876437e-01   1.7099267e-01   1.9149026e-01   2.1094286e-01   2.2981606e-01   2.4842479e-01   2.6700939e-01   2.8576353e-01   3.0488809e-01   3.2459990e-01   3.4515376e-01   3.6681477e-01   3.8988824e-01   4.1469142e-01   4.4153544e-01   4.7068491e-01
   1.5095565e-01   1.7360434e-01   1.9449926e-01   2.1432919e-01   2.3356334e-01   2.5252066e-01   2.7144571e-01   2.9053645e-01   3.0999784e-01   3.3005046e-01   3.5095229e-01   3.7297104e-01   3.9641381e-01   4.2159875e-01   4.4883703e-01   4.7839244e-01
   1.5313350e-01   1.7620267e-01   1.9749507e-01   2.1770253e-01   2.3729782e-01   2.5660386e-01   2.7586939e-01   2.9529655e-01   3.1509435e-01   3.3548701e-01   3.5673564e-01   3.7911046e-01   4.0292026e-01   4.2848404e-01   4.5611287e-01   4.8606969e-01
   1.5529798e-01   1.7878771e-01   2.0047774e-01   2.2106291e-01   2.4101952e-01   2.6067440e-01   2.8028038e-01   3.0004378e-01   3.2017753e-01   3.4090945e-01   3.6250367e-01   3.8523285e-01   4.0940741e-01   4.3534707e-01   4.6336275e-01   4.9371641e-01
   1.5744915e-01   1.8135951e-01   2.0344731e-01   2.2441035e-01   2.4472843e-01   2.6473224e-01   2.8467866e-01   3.0477807e-01   3.2524729e-01   3.4631765e-01   3.6825624e-01   3.9133807e-01   4.1587507e-01   4.4218765e-01   4.7058646e-01   5.0133242e-01
   1.5958705e-01   1.8391812e-01   2.0640380e-01   2.2774488e-01   2.4842457e-01   2.6877737e-01   2.8906417e-01   3.0949936e-01   3.3030355e-01   3.5171151e-01   3.7399322e-01   3.9742595e-01   4.2232308e-01   4.4900558e-01   4.7778380e-01   5.0891749e-01
   1.6171174e-01   1.8646358e-01   2.0934726e-01   2.3106651e-01   2.5210793e-01   2.7280979e-01   2.9343689e-01   3.1420759e-01   3.3534622e-01   3.5709092e-01   3.7971447e-01   4.0349633e-01   4.2875125e-01   4.5580067e-01   4.8495456e-01   5.1647144e-01
   1.6382326e-01   1.8899593e-01   2.1227773e-01   2.3437526e-01   2.5577851e-01   2.7682946e-01   2.9779677e-01   3.1890269e-01   3.4037521e-01   3.6245577e-01   3.8541985e-01   4.0954906e-01   4.3515940e-01   4.6257274e-01   4.9209854e-01   5.2399407e-01
   1.6592166e-01   1.9151522e-01   2.1519522e-01   2.3767115e-01   2.5943632e-01   2.8083637e-01   3.0214377e-01   3.2358459e-01   3.4539043e-01   3.6780593e-01   3.9110924e-01   4.1558399e-01   4.4154736e-01   4.6932159e-01   4.9921556e-01   5.3148519e-01
   1.6800698e-01   1.9402148e-01   2.1809977e-01   2.4095420e-01   2.6308136e-01   2.8483050e-01   3.0647785e-01   3.2825325e-01   3.5039181e-01   3.7314132e-01   3.9678251e-01   4.2160095e-01   4.4791497e-01   4.7604705e-01   5.0630543e-01   5.3894463e-01
   1.7007927e-01   1.9651475e-01   2.2099141e-01   2.4422443e-01   2.6671363e-01   2.8881183e-01   3.1079898e-01   3.3290858e-01   3.5537924e-01   3.7846181e-01   4.0243951e-01   4.2759981e-01   4.5426206e-01   4.8274893e-01   5.1336797e-01   5.4637221e-01
   1.7213856e-01   1.9899506e-01   2.2387017e-01   2.4748184e-01   2.7033312e-01   2.9278034e-01   3.1510710e-01   3.3755054e-01   3.6035265e-01   3.8376730e-01   4.0808012e-01   4.3358040e-01   4.6058846e-01   4.8942706e-01   5.2040300e-01   5.5376777e-01
   1.7418490e-01   2.0146245e-01   2.2673606e-01   2.5072645e-01   2.7393983e-01   2.9673601e-01   3.1940218e-01   3.4217906e-01   3.6531195e-01   3.8905767e-01   4.1370422e-01   4.3954259e-01   4.6689400e-01   4.9608127e-01   5.2741035e-01   5.6113115e-01
   1.7621831e-01   2.0391696e-01   2.2958912e-01   2.5395828e-01   2.7753376e-01   3.0067882e-01   3.2368417e-01   3.4679406e-01   3.7025706e-01   3.9433283e-01   4.1931167e-01   4.4548622e-01   4.7317854e-01   5.0271140e-01   5.3438986e-01   5.6846221e-01
   1.7823884e-01   2.0635861e-01   2.3242937e-01   2.5717732e-01   2.8111490e-01   3.0460874e-01   3.2795304e-01   3.5139550e-01   3.7518789e-01   3.9959267e-01   4.2490234e-01   4.5141116e-01   4.7944191e-01   5.0931727e-01   5.4134137e-01   5.7576078e-01
   1.8024651e-01   2.0878742e-01   2.3525682e-01   2.6038360e-01   2.8468325e-01   3.0852575e-01   3.3220874e-01   3.5598330e-01   3.8010435e-01   4.0483708e-01   4.3047613e-01   4.5731726e-01   4.8568396e-01   5.1589874e-01   5.4826472e-01   5.8302675e-01
   1.8224136e-01   2.1120344e-01   2.3807150e-01   2.6357711e-01   2.8823880e-01   3.1242983e-01   3.3645122e-01   3.6055741e-01   3.8500637e-01   4.1006596e-01   4.3603289e-01   4.6320439e-01   4.9190454e-01   5.2245565e-01   5.5515976e-01   5.9025997e-01
   1.8422342e-01   2.1360668e-01   2.4087342e-01   2.6675787e-01   2.9178154e-01   3.1632095e-01   3.4068045e-01   3.6511776e-01   3.8989385e-01   4.1527920e-01   4.4157252e-01   4.6907240e-01   4.9810350e-01   5.2898784e-01   5.6202635e-01   5.9746031e-01
   1.8619271e-01   2.1599716e-01   2.4366261e-01   2.6992588e-01   2.9531147e-01   3.2019908e-01   3.4489638e-01   3.6966428e-01   3.9476672e-01   4.2047670e-01   4.4709488e-01   4.7492117e-01   5.0428071e-01   5.3549518e-01   5.6886436e-01   6.0462768e-01
   1.8814927e-01   2.1837492e-01   2.4643907e-01   2.7308115e-01   2.9882856e-01   3.2406421e-01   3.4909896e-01   3.7419691e-01   3.9962489e-01   4.2565836e-01   4.5259986e-01   4.8075056e-01   5.1043601e-01   5.4197752e-01   5.7567364e-01   6.1176194e-01
   1.9009311e-01   2.2073997e-01   2.4920282e-01   2.7622367e-01   3.0233282e-01   3.2791630e-01   3.5328815e-01   3.7871560e-01   4.0446828e-01   4.3082408e-01   4.5808735e-01   4.8656044e-01   5.1656928e-01   5.4843472e-01   5.8245407e-01   6.1886300e-01
   1.9202427e-01   2.2309234e-01   2.5195387e-01   2.7935345e-01   3.0582424e-01   3.3175533e-01   3.5746391e-01   3.8322027e-01   4.0929681e-01   4.3597376e-01   4.6355723e-01   4.9235068e-01   5.2268037e-01   5.5486664e-01   5.8920552e-01   6.2593075e-01
   1.9394276e-01   2.2543203e-01   2.5469224e-01   2.8247049e-01   3.0930279e-01   3.3558126e-01   3.6162619e-01   3.8771086e-01   4.1411039e-01   4.4110730e-01   4.6900938e-01   4.9812117e-01   5.2876916e-01   5.6127317e-01   5.9592789e-01   6.3296511e-01
   1.9584861e-01   2.2775908e-01   2.5741793e-01   2.8557480e-01   3.1276847e-01   3.3939408e-01   3.6577494e-01   3.9218731e-01   4.1890895e-01   4.4622461e-01   4.7444369e-01   5.0387176e-01   5.3483552e-01   5.6765417e-01   6.0262106e-01   6.3996600e-01
   1.9774183e-01   2.3007349e-01   2.6013096e-01   2.8866636e-01   3.1622126e-01   3.4319374e-01   3.6991013e-01   3.9664956e-01   4.2369240e-01   4.5132558e-01   4.7986006e-01   5.0960236e-01   5.4087933e-01   5.7400953e-01   6.0928492e-01   6.4693331e-01
   1.9962245e-01   2.3237527e-01   2.6283133e-01   2.9174518e-01   3.1966114e-01   3.4698023e-01   3.7403170e-01   4.0109754e-01   4.2846068e-01   4.5641012e-01   4.8525837e-01   5.1531284e-01   5.4690046e-01   5.8033913e-01   6.1591937e-01   6.5386700e-01
   2.0149047e-01   2.3466446e-01   2.6551904e-01   2.9481126e-01   3.2308811e-01   3.5075351e-01   3.7813961e-01   4.0553120e-01   4.3321368e-01   4.6147814e-01   4.9063852e-01   5.2100308e-01   5.5289880e-01   5.8664286e-01   6.2252432e-01   6.6076698e-01
   2.0334593e-01   2.3694104e-01   2.6819411e-01   2.9786459e-01   3.2650215e-01   3.5451355e-01   3.8223381e-01   4.0995047e-01   4.3795135e-01   4.6652955e-01   4.9600041e-01   5.2667297e-01   5.5887423e-01   5.9292060e-01   6.2909967e-01   6.6763320e-01
   2.0518882e-01   2.3920504e-01   2.7085654e-01   3.0090516e-01   3.2990324e-01   3.5826033e-01   3.8631426e-01   4.1435528e-01   4.4267360e-01   4.7156425e-01   5.0134393e-01   5.3232241e-01   5.6482664e-01   5.9917226e-01   6.3564534e-01   6.7446560e-01
   2.0701916e-01   2.4145647e-01   2.7350633e-01   3.0393297e-01   3.3329135e-01   3.6199380e-01   3.9038092e-01   4.1874558e-01   4.4738036e-01   4.7658216e-01   5.0666898e-01   5.3795128e-01   5.7075594e-01   6.0539774e-01   6.4216124e-01   6.8126413e-01
   2.0883697e-01   2.4369533e-01   2.7614348e-01   3.0694802e-01   3.3666648e-01   3.6571394e-01   3.9443372e-01   4.2312131e-01   4.5207154e-01   4.8158318e-01   5.1197546e-01   5.4355949e-01   5.7666201e-01   6.1159695e-01   6.4864731e-01   6.8802875e-01
   2.1064225e-01   2.4592163e-01   2.7876799e-01   3.0995029e-01   3.4002861e-01   3.6942072e-01   3.9847264e-01   4.2748240e-01   4.5674708e-01   4.8656724e-01   5.1726328e-01   5.4914693e-01   5.8254475e-01   6.1776978e-01   6.5510348e-01   6.9475941e-01
   2.1243501e-01   2.4813538e-01   2.8137988e-01   3.1293978e-01   3.4337770e-01   3.7311410e-01   4.0249761e-01   4.3182880e-01   4.6140691e-01   4.9153423e-01   5.2253234e-01   5.5471350e-01   5.8840406e-01   6.2391617e-01   6.6152966e-01   7.0145609e-01
   2.1421527e-01   2.5033658e-01   2.8397912e-01   3.1591647e-01   3.4671376e-01   3.7679405e-01   4.0650860e-01   4.3616044e-01   4.6605094e-01   4.9648408e-01   5.2778255e-01   5.6025911e-01   5.9423986e-01   6.3003602e-01   6.6792582e-01   7.0811875e-01
   2.1598303e-01   2.5252524e-01   2.8656573e-01   3.1888036e-01   3.5003674e-01   3.8046054e-01   4.1050557e-01   4.4047726e-01   4.7067910e-01   5.0141671e-01   5.3301382e-01   5.6578366e-01   6.0005206e-01   6.3612925e-01   6.7429187e-01   7.1474737e-01
   2.1773829e-01   2.5470136e-01   2.8913969e-01   3.2183143e-01   3.5334664e-01   3.8411354e-01   4.1448845e-01   4.4477921e-01   4.7529133e-01   5.0633204e-01   5.3822606e-01   5.7128706e-01   6.0584056e-01   6.4219580e-01   6.8062779e-01   7.2134194e-01
   2.1948106e-01   2.5686494e-01   2.9170101e-01   3.2476968e-01   3.5664343e-01   3.8775300e-01   4.1845721e-01   4.4906623e-01   4.7988756e-01   5.1122998e-01   5.4341919e-01   5.7676923e-01   6.1160529e-01   6.4823558e-01   6.8693351e-01   7.2790243e-01
   2.2121134e-01   2.5901598e-01   2.9424968e-01   3.2769509e-01   3.5992709e-01   3.9137890e-01   4.2241181e-01   4.5333825e-01   4.8446771e-01   5.1611045e-01   5.4859311e-01   5.8223007e-01   6.1734616e-01   6.5424855e-01   6.9320900e-01   7.3442884e-01
   2.2292914e-01   2.6115448e-01   2.9678570e-01   3.3060765e-01   3.6319759e-01   3.9499121e-01   4.2635219e-01   4.5759523e-01   4.8903171e-01   5.2097338e-01   5.5374775e-01   5.8766952e-01   6.2306310e-01   6.6023463e-01   6.9945422e-01   7.4092118e-01
   2.2463445e-01   2.6328044e-01   2.9930905e-01   3.3350734e-01   3.6645491e-01   3.9858988e-01   4.3027830e-01   4.6183710e-01   4.9357951e-01   5.2581870e-01   5.5888303e-01   5.9308748e-01   6.2875604e-01   6.6619376e-01   7.0566913e-01   7.4737943e-01
   2.2632728e-01   2.6539386e-01   3.0181974e-01   3.3639416e-01   3.6969902e-01   4.0217488e-01   4.3419012e-01   4.6606380e-01   4.9811102e-01   5.3064632e-01   5.6399887e-01   5.9848388e-01   6.3442490e-01   6.7212590e-01   7.1185370e-01   7.5380361e-01
   2.2800763e-01   2.6749473e-01   3.0431775e-01   3.3926807e-01   3.7292992e-01   4.0574619e-01   4.3808758e-01   4.7027529e-01   5.0262619e-01   5.3545618e-01   5.6909519e-01   6.0385865e-01   6.4006962e-01   6.7803098e-01   7.1800791e-01   7.6019372e-01
   2.2967549e-01   2.6958306e-01   3.0680307e-01   3.4212907e-01   3.7614755e-01   4.0930376e-01   4.4197064e-01   4.7447150e-01   5.0712496e-01   5.4024821e-01   5.7417192e-01   6.0921171e-01   6.4569014e-01   6.8390897e-01   7.2413174e-01   7.6654978e-01
   2.3133087e-01   2.7165883e-01   3.0927569e-01   3.4497714e-01   3.7935191e-01   4.1284756e-01   4.4583926e-01   4.7865239e-01   5.1160726e-01   5.4502233e-01   5.7922899e-01   6.1454299e-01   6.5128639e-01   6.8975982e-01   7.3022517e-01   7.7287181e-01
   2.3297375e-01   2.7372204e-01   3.1173561e-01   3.4781227e-01   3.8254297e-01   4.1637756e-01   4.4969340e-01   4.8281789e-01   5.1607302e-01   5.4977849e-01   5.8426633e-01   6.1985244e-01   6.5685832e-01   6.9558348e-01   7.3628818e-01   7.7915982e-01
   2.3460414e-01   2.7577268e-01   3.1418281e-01   3.5063443e-01   3.8572070e-01   4.1989371e-01   4.5353300e-01   4.8696795e-01   5.2052219e-01   5.5451660e-01   5.8928387e-01   6.2513998e-01   6.6240588e-01   7.0137993e-01   7.4232076e-01   7.8541386e-01
   2.3622204e-01   2.7781075e-01   3.1661729e-01   3.5344361e-01   3.8888508e-01   4.2339599e-01   4.5735803e-01   4.9110253e-01   5.2495470e-01   5.5923662e-01   5.9428154e-01   6.3040555e-01   6.6792901e-01   7.0714914e-01   7.4832292e-01   7.9163394e-01
   2.3782742e-01   2.7983624e-01   3.1903902e-01   3.5623979e-01   3.9203607e-01   4.2688436e-01   4.6116844e-01   4.9522156e-01   5.2937050e-01   5.6393847e-01   5.9925929e-01   6.3564910e-01   6.7342767e-01   7.1289106e-01   7.5429464e-01   7.9782010e-01
   2.3942029e-01   2.8184914e-01   3.2144799e-01   3.5902295e-01   3.9517365e-01   4.3035879e-01   4.6496419e-01   4.9932500e-01   5.3376954e-01   5.6862209e-01   6.0421705e-01   6.4087056e-01   6.7890180e-01   7.1860568e-01   7.6023593e-01   8.0397239e-01
   2.4100064e-01   2.8384943e-01   3.2384419e-01   3.6179307e-01   3.9829780e-01   4.3381923e-01   4.6874523e-01   5.0341279e-01   5.3815174e-01   5.7328743e-01   6.0915476e-01   6.4606989e-01   6.8435138e-01   7.2429297e-01   7.6614679e-01   8.1009083e-01
   2.4256846e-01   2.8583712e-01   3.2622761e-01   3.6455012e-01   4.0140849e-01   4.3726566e-01   4.7251152e-01   5.0748489e-01   5.4251707e-01   5.7793442e-01   6.1407237e-01   6.5124704e-01   6.8977636e-01   7.2995291e-01   7.7202723e-01   8.1617548e-01
   2.4412374e-01   2.8781218e-01   3.2859824e-01   3.6729410e-01   4.0450568e-01   4.4069803e-01   4.7626302e-01   5.1154125e-01   5.4686545e-01   5.8256302e-01   6.1896981e-01   6.5640195e-01   6.9517670e-01   7.3558550e-01   7.7787727e-01   8.2222639e-01
   2.4566648e-01   2.8977460e-01   3.3095604e-01   3.7002497e-01   4.0758936e-01   4.4411632e-01   4.7999969e-01   5.1558182e-01   5.5119685e-01   5.8717316e-01   6.2384705e-01   6.6153458e-01   7.0055238e-01   7.4119070e-01   7.8369691e-01   8.2824360e-01
   2.4719665e-01   2.9172438e-01   3.3330102e-01   3.7274271e-01   4.1065949e-01   4.4752050e-01   4.8372148e-01   5.1960655e-01   5.5551121e-01   5.9176479e-01   6.2870402e-01   6.6664488e-01   7.0590335e-01   7.4676852e-01   7.8948618e-01   8.3422717e-01
   2.4871426e-01   2.9366149e-01   3.3563314e-01   3.7544731e-01   4.1371605e-01   4.5091051e-01   4.8742836e-01   5.2361539e-01   5.5980848e-01   5.9633786e-01   6.3354068e-01   6.7173282e-01   7.1122960e-01   7.5231895e-01   7.9524510e-01   8.4017717e-01
   2.5021928e-01   2.9558594e-01   3.3795240e-01   3.7813875e-01   4.1675901e-01   4.5428634e-01   4.9112028e-01   5.2760831e-01   5.6408860e-01   6.0089232e-01   6.3835697e-01   6.7679836e-01   7.1653110e-01   7.5784198e-01   8.0097369e-01   8.4609365e-01
   2.5171170e-01   2.9749769e-01   3.4025878e-01   3.8081699e-01   4.1978833e-01   4.5764794e-01   4.9479720e-01   5.3158524e-01   5.6835154e-01   6.0542812e-01   6.4315287e-01   6.8184145e-01   7.2180783e-01   7.6333761e-01   8.0667198e-01   8.5197667e-01
   2.5319152e-01   2.9939673e-01   3.4255225e-01   3.8348201e-01   4.2280399e-01   4.6099528e-01   4.9845909e-01   5.3554615e-01   5.7259724e-01   6.0994522e-01   6.4792831e-01   6.8686207e-01   7.2705976e-01   7.6880584e-01   8.1234000e-01   8.5782630e-01
   2.5465871e-01   3.0128306e-01   3.4483280e-01   3.8613380e-01   4.2580597e-01   4.6432833e-01   5.0210590e-01   5.3949100e-01   5.7682565e-01   6.1444357e-01   6.5268327e-01   6.9186019e-01   7.3228688e-01   7.7424668e-01   8.1797778e-01   8.6364262e-01
   2.5611327e-01   3.0315665e-01   3.4710041e-01   3.8877233e-01   4.2879423e-01   4.6764706e-01   5.0573759e-01   5.4341974e-01   5.8103675e-01   6.1892312e-01   6.5741770e-01   6.9683576e-01   7.3748918e-01   7.7966014e-01   8.2358536e-01   8.6942569e-01
   2.5755517e-01   3.0501749e-01   3.4935507e-01   3.9139757e-01   4.3176875e-01   4.7095142e-01   5.0935413e-01   5.4733233e-01   5.8523047e-01   6.2338383e-01   6.6213157e-01   7.0178878e-01   7.4266664e-01   7.8504623e-01   8.2916278e-01   8.7517559e-01
   2.5898440e-01   3.0686555e-01   3.5159674e-01   3.9400950e-01   4.3472949e-01   4.7424140e-01   5.1295548e-01   5.5122874e-01   5.8940677e-01   6.2782567e-01   6.6682484e-01   7.0671920e-01   7.4781926e-01   7.9040495e-01   8.3471008e-01   8.8089239e-01
   2.6040095e-01   3.0870083e-01   3.5382541e-01   3.9660810e-01   4.3767644e-01   4.7751694e-01   5.1654160e-01   5.5510891e-01   5.9356563e-01   6.3224859e-01   6.7149747e-01   7.1162701e-01   7.5294702e-01   7.9573632e-01   8.4022730e-01   8.8657619e-01
   2.6180480e-01   3.1052330e-01   3.5604106e-01   3.9919334e-01   4.4060955e-01   4.8077803e-01   5.2011245e-01   5.5897281e-01   5.9770699e-01   6.3665256e-01   6.7614944e-01   7.1651219e-01   7.5804992e-01   8.0104036e-01   8.4571449e-01   8.9222705e-01
   2.6319593e-01   3.1233295e-01   3.5824367e-01   4.0176520e-01   4.4352880e-01   4.8402462e-01   5.2366801e-01   5.6282040e-01   6.0183081e-01   6.4103754e-01   6.8078071e-01   7.2137472e-01   7.6312797e-01   8.0631710e-01   8.5117170e-01   8.9784507e-01
   2.6457432e-01   3.1412975e-01   3.6043321e-01   4.0432366e-01   4.4643416e-01   4.8725669e-01   5.2720822e-01   5.6665164e-01   6.0593707e-01   6.4540349e-01   6.8539126e-01   7.2621458e-01   7.6818115e-01   8.1156654e-01   8.5659898e-01   9.0343033e-01
   2.6593996e-01   3.1591369e-01   3.6260967e-01   4.0686868e-01   4.4932561e-01   4.9047420e-01   5.3073306e-01   5.7046651e-01   6.1002572e-01   6.4975039e-01   6.8998107e-01   7.3103176e-01   7.7320948e-01   8.1678872e-01   8.6199638e-01   9.0898292e-01
   2.6729282e-01   3.1768475e-01   3.6477302e-01   4.0940024e-01   4.5220311e-01   4.9367712e-01   5.3424250e-01   5.7426495e-01   6.1409674e-01   6.5407819e-01   6.9455010e-01   7.3582624e-01   7.7821296e-01   8.2198367e-01   8.6736396e-01   9.1450293e-01
   2.6863289e-01   3.1944290e-01   3.6692324e-01   4.1191833e-01   4.5506664e-01   4.9686542e-01   5.3773649e-01   5.7804694e-01   6.1815007e-01   6.5838688e-01   6.9909834e-01   7.4059802e-01   7.8319158e-01   8.2715141e-01   8.7270178e-01   9.1999046e-01
   2.6996015e-01   3.2118813e-01   3.6906031e-01   4.1442290e-01   4.5791617e-01   5.0003907e-01   5.4121501e-01   5.8181245e-01   6.2218570e-01   6.6267642e-01   7.0362576e-01   7.4534708e-01   7.8814537e-01   8.3229198e-01   8.7800990e-01   9.2544559e-01
   2.7127458e-01   3.2292041e-01   3.7118420e-01   4.1691395e-01   4.6075167e-01   5.0319804e-01   5.4467803e-01   5.8556143e-01   6.2620359e-01   6.6694678e-01   7.0813234e-01   7.5007342e-01   7.9307433e-01   8.3740540e-01   8.8328838e-01   9.3086843e-01
   2.7257615e-01   3.2463973e-01   3.7329489e-01   4.1939143e-01   4.6357311e-01   5.0634230e-01   5.4812550e-01   5.8929386e-01   6.3020371e-01   6.7119794e-01   7.1261808e-01   7.5477704e-01   7.9797848e-01   8.4249172e-01   8.8853728e-01   9.3625907e-01
   2.7386486e-01   3.2634606e-01   3.7539237e-01   4.2185533e-01   4.6638047e-01   5.0947181e-01   5.5155741e-01   5.9300970e-01   6.3418603e-01   6.7542988e-01   7.1708294e-01   7.5945793e-01   8.0285782e-01   8.4755097e-01   8.9375666e-01   9.4161762e-01
   2.7514066e-01   3.2803938e-01   3.7747660e-01   4.2430563e-01   4.6917371e-01   5.1258656e-01   5.5497371e-01   5.9670893e-01   6.3815052e-01   6.7964257e-01   7.2152693e-01   7.6411608e-01   8.0771238e-01   8.5258319e-01   8.9894661e-01   9.4694418e-01
   2.7640356e-01   3.2971967e-01   3.7954756e-01   4.2674229e-01   4.7195281e-01   5.1568650e-01   5.5837438e-01   6.0039152e-01   6.4209716e-01   6.8383599e-01   7.2595002e-01   7.6875151e-01   8.1254218e-01   8.5758842e-01   9.0410719e-01   9.5223884e-01
   2.7765352e-01   3.3138690e-01   3.8160523e-01   4.2916529e-01   4.7471775e-01   5.1877161e-01   5.6175940e-01   6.0405743e-01   6.4602591e-01   6.8801013e-01   7.3035220e-01   7.7336421e-01   8.1734723e-01   8.6256670e-01   9.0923846e-01   9.5750172e-01
   2.7889052e-01   3.3304107e-01   3.8364958e-01   4.3157460e-01   4.7746849e-01   5.2184186e-01   5.6512872e-01   6.0770664e-01   6.4993677e-01   6.9216495e-01   7.3473347e-01   7.7795419e-01   8.2212755e-01   8.6751809e-01   9.1434050e-01   9.6273293e-01
   2.8011454e-01   3.3468213e-01   3.8568060e-01   4.3397021e-01   4.8020500e-01   5.2489723e-01   5.6848232e-01   6.1133912e-01   6.5382969e-01   6.9630045e-01   7.3909382e-01   7.8252145e-01   8.2688318e-01   8.7244263e-01   9.1941339e-01   9.6793256e-01
   2.8132556e-01   3.3631007e-01   3.8769825e-01   4.3635208e-01   4.8292727e-01   5.2793768e-01   5.7182018e-01   6.1495484e-01   6.5770467e-01   7.0041661e-01   7.4343324e-01   7.8706601e-01   8.3161414e-01   8.7734036e-01   9.2445721e-01   9.7310073e-01
   2.8252356e-01   3.3792488e-01   3.8970251e-01   4.3872019e-01   4.8563527e-01   5.3096318e-01   5.7514226e-01   6.1855379e-01   6.6156167e-01   7.0451341e-01   7.4775172e-01   7.9158786e-01   8.3632045e-01   8.8221134e-01   9.2947203e-01   9.7823755e-01
   2.8370851e-01   3.3952651e-01   3.9169337e-01   4.4107451e-01   4.8832896e-01   5.3397372e-01   5.7844855e-01   6.2213593e-01   6.6540068e-01   7.0859084e-01   7.5204927e-01   7.9608703e-01   8.4100214e-01   8.8705561e-01   9.3445792e-01   9.8334313e-01
   2.8488040e-01   3.4111495e-01   3.9367079e-01   4.4341503e-01   4.9100832e-01   5.3696927e-01   5.8173901e-01   6.2570125e-01   6.6922167e-01   7.1264889e-01   7.5632589e-01   8.0056351e-01   8.4565925e-01   8.9187324e-01   9.3941498e-01   9.8841759e-01
   2.8603919e-01   3.4269019e-01   3.9563475e-01   4.4574170e-01   4.9367334e-01   5.3994979e-01   5.8501362e-01   6.2924971e-01   6.7302464e-01   7.1668755e-01   7.6058156e-01   8.0501734e-01   8.5029180e-01   8.9666428e-01   9.4434329e-01   9.9346103e-01
   2.8718487e-01   3.4425218e-01   3.9758523e-01   4.4805452e-01   4.9632397e-01   5.4291527e-01   5.8827235e-01   6.3278131e-01   6.7680956e-01   7.2070681e-01   7.6481629e-01   8.0944851e-01   8.5489983e-01   9.0142878e-01   9.4924292e-01   9.9847358e-01
   2.8831741e-01   3.4580092e-01   3.9952220e-01   4.5035345e-01   4.9896020e-01   5.4586567e-01   5.9151519e-01   6.3629600e-01   6.8057642e-01   7.2470665e-01   7.6903009e-01   8.1385706e-01   8.5948338e-01   9.0616680e-01   9.5411396e-01   1.0034554e+00
   2.8943679e-01   3.4733637e-01   4.0144564e-01   4.5263847e-01   5.0158200e-01   5.4880098e-01   5.9474210e-01   6.3979379e-01   6.8432520e-01   7.2868708e-01   7.7322296e-01   8.1824299e-01   8.6404248e-01   9.1087840e-01   9.5895651e-01   1.0084065e+00
   2.9054299e-01   3.4885852e-01   4.0335553e-01   4.5490956e-01   5.0418935e-01   5.5172117e-01   5.9795308e-01   6.4327464e-01   6.8805589e-01   7.3264809e-01   7.7739490e-01   8.2260634e-01   8.6857717e-01   9.1556364e-01   9.6377064e-01   1.0133270e+00
   2.9163598e-01   3.5036734e-01   4.0525184e-01   4.5716669e-01   5.0678222e-01   5.5462622e-01   6.0114808e-01   6.4673855e-01   6.9176848e-01   7.3658966e-01   7.8154593e-01   8.2694711e-01   8.7308749e-01   9.2022259e-01   9.6855645e-01   1.0182172e+00
   2.9271574e-01   3.5186280e-01   4.0713454e-01   4.5940983e-01   5.0936058e-01   5.5751610e-01   6.0432710e-01   6.5018548e-01   6.9546295e-01   7.4051181e-01   7.8567604e-01   8.3126533e-01   8.7757348e-01   9.2485530e-01   9.7331402e-01   1.0230770e+00
   2.9378225e-01   3.5334489e-01   4.0900362e-01   4.6163897e-01   5.1192443e-01   5.6039079e-01   6.0749011e-01   6.5361543e-01   6.9913929e-01   7.4441452e-01   7.8978525e-01   8.3556102e-01   8.8203519e-01   9.2946185e-01   9.7804344e-01   1.0279066e+00
   2.9483548e-01   3.5481358e-01   4.1085905e-01   4.6385408e-01   5.1447372e-01   5.6325026e-01   6.1063710e-01   6.5702838e-01   7.0279750e-01   7.4829779e-01   7.9387356e-01   8.3983422e-01   8.8647265e-01   9.3404229e-01   9.8274482e-01   1.0327062e+00
   2.9587541e-01   3.5626884e-01   4.1270081e-01   4.6605513e-01   5.1700845e-01   5.6609451e-01   6.1376804e-01   6.6042431e-01   7.0643755e-01   7.5216163e-01   7.9794099e-01   8.4408494e-01   8.9088591e-01   9.3859670e-01   9.8741824e-01   1.0374759e+00
   2.9690201e-01   3.5771065e-01   4.1452887e-01   4.6824211e-01   5.1952858e-01   5.6892350e-01   6.1688291e-01   6.6380321e-01   7.1005946e-01   7.5600604e-01   8.0198756e-01   8.4831321e-01   8.9527502e-01   9.4312514e-01   9.9206379e-01   1.0422157e+00
   2.9791527e-01   3.5913900e-01   4.1634321e-01   4.7041498e-01   5.2203409e-01   5.7173721e-01   6.1998170e-01   6.6716507e-01   7.1366321e-01   7.5983101e-01   8.0601327e-01   8.5251907e-01   8.9964002e-01   9.4762769e-01   9.9668157e-01   1.0469258e+00
   2.9891516e-01   3.6055385e-01   4.1814380e-01   4.7257374e-01   5.2452496e-01   5.7453563e-01   6.2306440e-01   6.7050987e-01   7.1724878e-01   7.6363655e-01   8.1001814e-01   8.5670254e-01   9.0398097e-01   9.5210440e-01   1.0012717e+00   1.0516064e+00
   2.9990166e-01   3.6195519e-01   4.1993063e-01   4.7471835e-01   5.2700118e-01   5.7731874e-01   6.2613097e-01   6.7383761e-01   7.2081619e-01   7.6742267e-01   8.1400219e-01   8.6086366e-01   9.0829791e-01   9.5655536e-01   1.0058342e+00   1.0562575e+00
   3.0087474e-01   3.6334298e-01   4.2170367e-01   4.7684879e-01   5.2946271e-01   5.8008651e-01   6.2918141e-01   6.7714826e-01   7.2436542e-01   7.7118937e-01   8.1796543e-01   8.6500245e-01   9.1259090e-01   9.6098063e-01   1.0103692e+00   1.0608793e+00
   3.0183438e-01   3.6471721e-01   4.2346290e-01   4.7896504e-01   5.3190954e-01   5.8283893e-01   6.3221571e-01   6.8044183e-01   7.2789647e-01   7.7493665e-01   8.2190788e-01   8.6911895e-01   9.1685998e-01   9.6538030e-01   1.0148769e+00   1.0654719e+00
   3.0278056e-01   3.6607785e-01   4.2520829e-01   4.8106707e-01   5.3434165e-01   5.8557598e-01   6.3523384e-01   6.8371830e-01   7.3140935e-01   7.7866453e-01   8.2582956e-01   8.7321320e-01   9.2110520e-01   9.6975443e-01   1.0193573e+00   1.0700355e+00
   3.0371325e-01   3.6742489e-01   4.2693982e-01   4.8315488e-01   5.3675902e-01   5.8829763e-01   6.3823580e-01   6.8697766e-01   7.3490403e-01   7.8237301e-01   8.2973050e-01   8.7728522e-01   9.2532663e-01   9.7410309e-01   1.0238105e+00   1.0745701e+00
   3.0463243e-01   3.6875829e-01   4.2865748e-01   4.8522843e-01   5.3916163e-01   5.9100389e-01   6.4122157e-01   6.9021990e-01   7.3838054e-01   7.8606210e-01   8.3361071e-01   8.8133506e-01   9.2952432e-01   9.7842637e-01   1.0282366e+00   1.0790759e+00
   3.0553808e-01   3.7007804e-01   4.3036124e-01   4.8728770e-01   5.4154945e-01   5.9369472e-01   6.4419114e-01   6.9344502e-01   7.4183886e-01   7.8973180e-01   8.3747021e-01   8.8536276e-01   9.3369832e-01   9.8272435e-01   1.0326357e+00   1.0835530e+00
   3.0643018e-01   3.7138411e-01   4.3205107e-01   4.8933268e-01   5.4392248e-01   5.9637011e-01   6.4714449e-01   6.9665302e-01   7.4527900e-01   7.9338214e-01   8.4130904e-01   8.8936835e-01   9.3784869e-01   9.8699709e-01   1.0370080e+00   1.0880015e+00
   3.0730870e-01   3.7267648e-01   4.3372695e-01   4.9136334e-01   5.4628068e-01   5.9903005e-01   6.5008162e-01   6.9984388e-01   7.4870096e-01   7.9701313e-01   8.4512721e-01   8.9335187e-01   9.4197548e-01   9.9124468e-01   1.0413534e+00   1.0924216e+00
   3.0817362e-01   3.7395514e-01   4.3538887e-01   4.9337967e-01   5.4862405e-01   6.0167452e-01   6.5300251e-01   7.0301760e-01   7.5210475e-01   8.0062477e-01   8.4892474e-01   8.9731336e-01   9.4607876e-01   9.9546719e-01   1.0456722e+00   1.0968134e+00
   3.0902491e-01   3.7522005e-01   4.3703681e-01   4.9538164e-01   5.5095257e-01   6.0430351e-01   6.5590715e-01   7.0617417e-01   7.5549036e-01   8.0421708e-01   8.5270167e-01   9.0125287e-01   9.5015858e-01   9.9966471e-01   1.0499644e+00   1.1011771e+00
   3.0986257e-01   3.7647119e-01   4.3867073e-01   4.9736923e-01   5.5326621e-01   6.0691700e-01   6.5879554e-01   7.0931360e-01   7.5885781e-01   8.0779008e-01   8.5645803e-01   9.0517044e-01   9.5421501e-01   1.0038373e+00   1.0542302e+00   1.1055127e+00
   3.1068656e-01   3.7770855e-01   4.4029063e-01   4.9934243e-01   5.5556497e-01   6.0951498e-01   6.6166766e-01   7.1243588e-01   7.6220709e-01   8.1134378e-01   8.6019383e-01   9.0906610e-01   9.5824810e-01   1.0079851e+00   1.0584695e+00   1.1098204e+00
   3.1149687e-01   3.7893210e-01   4.4189648e-01   5.0130121e-01   5.5784882e-01   6.1209743e-01   6.6452352e-01   7.1554101e-01   7.6553821e-01   8.1487819e-01   8.6390912e-01   9.1293991e-01   9.6225792e-01   1.0121081e+00   1.0626826e+00   1.1141003e+00
   3.1229346e-01   3.8014183e-01   4.4348826e-01   5.0324557e-01   5.6011775e-01   6.1466435e-01   6.6736309e-01   7.1862898e-01   7.6885118e-01   8.1839334e-01   8.6760391e-01   9.1679190e-01   9.6624453e-01   1.0162065e+00   1.0668696e+00   1.1183525e+00
   3.1307633e-01   3.8133770e-01   4.4506596e-01   5.0517547e-01   5.6237175e-01   6.1721572e-01   6.7018637e-01   7.2169981e-01   7.7214601e-01   8.2188924e-01   8.7127824e-01   9.2062213e-01   9.7020799e-01   1.0202803e+00   1.0710305e+00   1.1225772e+00
   3.1384544e-01   3.8251971e-01   4.4662954e-01   5.0709090e-01   5.6461079e-01   6.1975153e-01   6.7299336e-01   7.2475347e-01   7.7542271e-01   8.2536591e-01   8.7493214e-01   9.2443064e-01   9.7414837e-01   1.0243295e+00   1.0751655e+00   1.1267746e+00
   3.1460079e-01   3.8368782e-01   4.4817900e-01   5.0899186e-01   5.6683487e-01   6.2227177e-01   6.7578405e-01   7.2778999e-01   7.7868128e-01   8.2882337e-01   8.7856565e-01   9.2821748e-01   9.7806573e-01   1.0283544e+00   1.0792746e+00   1.1309446e+00
   3.1534234e-01   3.8484203e-01   4.4971431e-01   5.1087830e-01   5.6904397e-01   6.2477643e-01   6.7855843e-01   7.3080936e-01   7.8192174e-01   8.3226164e-01   8.8217880e-01   9.3198269e-01   9.8196013e-01   1.0323549e+00   1.0833579e+00   1.1350875e+00
   3.1607008e-01   3.8598231e-01   4.5123546e-01   5.1275024e-01   5.7123808e-01   6.2726550e-01   6.8131651e-01   7.3381157e-01   7.8514410e-01   8.3568075e-01   8.8577161e-01   9.3572633e-01   9.8583164e-01   1.0363312e+00   1.0874157e+00   1.1392035e+00
   3.1678399e-01   3.8710864e-01   4.5274243e-01   5.1460763e-01   5.7341718e-01   6.2973897e-01   6.8405827e-01   7.3679664e-01   7.8834836e-01   8.3908070e-01   8.8934413e-01   9.3944844e-01   9.8968033e-01   1.0402833e+00   1.0914479e+00   1.1432925e+00
   3.1748405e-01   3.8822100e-01   4.5423519e-01   5.1645048e-01   5.7558126e-01   6.3219683e-01   6.8678371e-01   7.3976457e-01   7.9153453e-01   8.4246154e-01   8.9289638e-01   9.4314907e-01   9.9350627e-01   1.0442113e+00   1.0954547e+00   1.1473548e+00
   3.1817024e-01   3.8931937e-01   4.5571374e-01   5.1827876e-01   5.7773031e-01   6.3463907e-01   6.8949283e-01   7.4271535e-01   7.9470265e-01   8.4582327e-01   8.9642841e-01   9.4682827e-01   9.9730951e-01   1.0481154e+00   1.0994362e+00   1.1513905e+00
   3.1884253e-01   3.9040374e-01   4.5717805e-01   5.2009245e-01   5.7986431e-01   6.3706569e-01   6.9218563e-01   7.4564901e-01   7.9785270e-01   8.4916593e-01   8.9994026e-01   9.5048610e-01   1.0010901e+00   1.0519955e+00   1.1033925e+00   1.1553996e+00
   3.1950092e-01   3.9147409e-01   4.5862811e-01   5.2189156e-01   5.8198326e-01   6.3947667e-01   6.9486210e-01   7.4856553e-01   8.0098472e-01   8.5248953e-01   9.0343195e-01   9.5412261e-01   1.0048482e+00   1.0558519e+00   1.1073238e+00   1.1593825e+00
   3.2014538e-01   3.9253039e-01   4.6006390e-01   5.2367605e-01   5.8408714e-01   6.4187202e-01   6.9752225e-01   7.5146493e-01   8.0409871e-01   8.5579411e-01   9.0690353e-01   9.5773785e-01   1.0085838e+00   1.0596845e+00   1.1112300e+00   1.1633391e+00
   3.2077589e-01   3.9357264e-01   4.6148541e-01   5.2544592e-01   5.8617594e-01   6.4425172e-01   7.0016608e-01   7.5434722e-01   8.0719469e-01   8.5907969e-01   9.1035504e-01   9.6133186e-01   1.0122970e+00   1.0634934e+00   1.1151113e+00   1.1672696e+00
   3.2139243e-01   3.9460080e-01   4.6289262e-01   5.2720115e-01   5.8824965e-01   6.4661577e-01   7.0279358e-01   7.5721239e-01   8.1027267e-01   8.6234629e-01   9.1378651e-01   9.6490472e-01   1.0159878e+00   1.0672788e+00   1.1189679e+00   1.1711741e+00
   3.2199500e-01   3.9561488e-01   4.6428551e-01   5.2894173e-01   5.9030827e-01   6.4896416e-01   7.0540475e-01   7.6006046e-01   8.1333268e-01   8.6559395e-01   9.1719798e-01   9.6845646e-01   1.0196564e+00   1.0710408e+00   1.1227998e+00   1.1750528e+00
   3.2258356e-01   3.9661484e-01   4.6566407e-01   5.3066764e-01   5.9235178e-01   6.5129690e-01   7.0799959e-01   7.6289144e-01   8.1637472e-01   8.6882269e-01   9.2058950e-01   9.7198715e-01   1.0233027e+00   1.0747793e+00   1.1266072e+00   1.1789058e+00
   3.2315811e-01   3.9760068e-01   4.6702828e-01   5.3237888e-01   5.9438017e-01   6.5361396e-01   7.1057812e-01   7.6570534e-01   8.1939882e-01   8.7203254e-01   9.2396111e-01   9.7549683e-01   1.0269270e+00   1.0784946e+00   1.1303901e+00   1.1827332e+00
   3.2371862e-01   3.9857237e-01   4.6837813e-01   5.3407544e-01   5.9639344e-01   6.5591536e-01   7.1314032e-01   7.6850216e-01   8.2240500e-01   8.7522352e-01   9.2731284e-01   9.7898558e-01   1.0305291e+00   1.0821867e+00   1.1341487e+00   1.1865351e+00
   3.2426508e-01   3.9952991e-01   4.6971360e-01   5.3575729e-01   5.9839158e-01   6.5820108e-01   7.1568621e-01   7.7128192e-01   8.2539327e-01   8.7839568e-01   9.3064474e-01   9.8245343e-01   1.0341093e+00   1.0858557e+00   1.1378831e+00   1.1903117e+00
   3.2479747e-01   4.0047327e-01   4.7103469e-01   5.3742443e-01   6.0037458e-01   6.6047113e-01   7.1821578e-01   7.7404462e-01   8.2836365e-01   8.8154903e-01   9.3395685e-01   9.8590045e-01   1.0376676e+00   1.0895016e+00   1.1415933e+00   1.1940632e+00
   3.2531579e-01   4.0140244e-01   4.7234138e-01   5.3907685e-01   6.0234243e-01   6.6272550e-01   7.2072903e-01   7.7679028e-01   8.3131617e-01   8.8468361e-01   9.3724922e-01   9.8932669e-01   1.0412040e+00   1.0931247e+00   1.1452796e+00   1.1977895e+00
   3.2582000e-01   4.0231741e-01   4.7363365e-01   5.4071454e-01   6.0429512e-01   6.6496419e-01   7.2322599e-01   7.7951891e-01   8.3425085e-01   8.8779945e-01   9.4052188e-01   9.9273222e-01   1.0447186e+00   1.0967249e+00   1.1489419e+00   1.2014909e+00
   3.2631010e-01   4.0321815e-01   4.7491149e-01   5.4233749e-01   6.0623266e-01   6.6718720e-01   7.2570663e-01   7.8223052e-01   8.3716770e-01   8.9089659e-01   9.4377488e-01   9.9611708e-01   1.0482116e+00   1.1003023e+00   1.1525804e+00   1.2051675e+00
   3.2678607e-01   4.0410467e-01   4.7617489e-01   5.4394568e-01   6.0815503e-01   6.6939453e-01   7.2817099e-01   7.8492512e-01   8.4006674e-01   8.9397504e-01   9.4700827e-01   9.9948134e-01   1.0516829e+00   1.1038571e+00   1.1561953e+00   1.2088194e+00
   3.2724790e-01   4.0497694e-01   4.7742384e-01   5.4553912e-01   6.1006223e-01   6.7158617e-01   7.3061905e-01   7.8760273e-01   8.4294801e-01   8.9703486e-01   9.5022210e-01   1.0028251e+00   1.0551327e+00   1.1073893e+00   1.1597865e+00   1.2124468e+00
   3.2769557e-01   4.0583495e-01   4.7865833e-01   5.4711778e-01   6.1195425e-01   6.7376213e-01   7.3305082e-01   7.9026336e-01   8.4581152e-01   9.0007606e-01   9.5341640e-01   1.0061483e+00   1.0585610e+00   1.1108990e+00   1.1633543e+00   1.2160497e+00
   3.2812907e-01   4.0667869e-01   4.7987834e-01   5.4868167e-01   6.1383110e-01   6.7592241e-01   7.3546632e-01   7.9290702e-01   8.4865730e-01   9.0309869e-01   9.5659122e-01   1.0094511e+00   1.0619679e+00   1.1143864e+00   1.1668988e+00   1.2196283e+00
   3.2854839e-01   4.0750815e-01   4.8108387e-01   5.5023078e-01   6.1569276e-01   6.7806701e-01   7.3786554e-01   7.9553374e-01   8.5148536e-01   9.0610278e-01   9.5974661e-01   1.0127335e+00   1.0653535e+00   1.1178515e+00   1.1704199e+00   1.2231827e+00
   3.2895351e-01   4.0832331e-01   4.8227491e-01   5.5176509e-01   6.1753923e-01   6.8019593e-01   7.4024850e-01   7.9814352e-01   8.5429574e-01   9.0908836e-01   9.6288261e-01   1.0159957e+00   1.0687178e+00   1.1212943e+00   1.1739180e+00   1.2267131e+00
   3.2934442e-01   4.0912416e-01   4.8345143e-01   5.5328460e-01   6.1937051e-01   6.8230917e-01   7.4261521e-01   8.0073638e-01   8.5708846e-01   9.1205547e-01   9.6599928e-01   1.0192376e+00   1.0720609e+00   1.1247150e+00   1.1773930e+00   1.2302195e+00
   3.2972110e-01   4.0991069e-01   4.8461345e-01   5.5478931e-01   6.2118659e-01   6.8440674e-01   7.4496567e-01   8.0331233e-01   8.5986354e-01   9.1500415e-01   9.6909665e-01   1.0224593e+00   1.0753830e+00   1.1281137e+00   1.1808450e+00   1.2337021e+00
   3.3008356e-01   4.1068288e-01   4.8576094e-01   5.5627920e-01   6.2298748e-01   6.8648863e-01   7.4729989e-01   8.0587141e-01   8.6262101e-01   9.1793442e-01   9.7217478e-01   1.0256609e+00   1.0786840e+00   1.1314905e+00   1.1842743e+00   1.2371611e+00
   3.3043176e-01   4.1144074e-01   4.8689389e-01   5.5775427e-01   6.2477317e-01   6.8855486e-01   7.4961788e-01   8.0841361e-01   8.6536090e-01   9.2084633e-01   9.7523372e-01   1.0288424e+00   1.0819641e+00   1.1348454e+00   1.1876808e+00   1.2405965e+00
   3.3076571e-01   4.1218425e-01   4.8801231e-01   5.5921452e-01   6.2654366e-01   6.9060542e-01   7.5191966e-01   8.1093896e-01   8.6808323e-01   9.2373991e-01   9.7827351e-01   1.0320039e+00   1.0852233e+00   1.1381786e+00   1.1910647e+00   1.2440084e+00
   3.3108540e-01   4.1291339e-01   4.8911618e-01   5.6065994e-01   6.2829896e-01   6.9264032e-01   7.5420523e-01   8.1344748e-01   8.7078803e-01   9.2661521e-01   9.8129421e-01   1.0351455e+00   1.0884616e+00   1.1414901e+00   1.1944261e+00   1.2473970e+00
   3.3139080e-01   4.1362816e-01   4.9020549e-01   5.6209053e-01   6.3003905e-01   6.9465956e-01   7.5647460e-01   8.1593918e-01   8.7347533e-01   9.2947225e-01   9.8429585e-01   1.0382672e+00   1.0916793e+00   1.1447801e+00   1.1977651e+00   1.2507625e+00
   3.3168191e-01   4.1432855e-01   4.9128023e-01   5.6350628e-01   6.3176394e-01   6.9666315e-01   7.5872779e-01   8.1841409e-01   8.7614515e-01   9.3231108e-01   9.8727850e-01   1.0413691e+00   1.0948763e+00   1.1480486e+00   1.2010818e+00   1.2541049e+00
   3.3195873e-01   4.1501456e-01   4.9234041e-01   5.6490719e-01   6.3347362e-01   6.9865109e-01   7.6096480e-01   8.2087222e-01   8.7879752e-01   9.3513173e-01   9.9024219e-01   1.0444512e+00   1.0980528e+00   1.1512956e+00   1.2043763e+00   1.2574243e+00
   3.3222124e-01   4.1568616e-01   4.9338601e-01   5.6629326e-01   6.3516811e-01   7.0062340e-01   7.6318565e-01   8.2331359e-01   8.8143247e-01   9.3793424e-01   9.9318699e-01   1.0475136e+00   1.1012087e+00   1.1545214e+00   1.2076488e+00   1.2607210e+00
   3.3246943e-01   4.1634336e-01   4.9441703e-01   5.6766447e-01   6.3684740e-01   7.0258007e-01   7.6539035e-01   8.2573823e-01   8.8405004e-01   9.4071866e-01   9.9611294e-01   1.0505564e+00   1.1043442e+00   1.1577260e+00   1.2108993e+00   1.2639949e+00
   3.3270330e-01   4.1698615e-01   4.9543345e-01   5.6902084e-01   6.3851149e-01   7.0452111e-01   7.6757892e-01   8.2814616e-01   8.8665024e-01   9.4348502e-01   9.9902009e-01   1.0535797e+00   1.1074594e+00   1.1609094e+00   1.2141279e+00   1.2672462e+00
   3.3292284e-01   4.1761452e-01   4.9643529e-01   5.7036235e-01   6.4016039e-01   7.0644653e-01   7.6975137e-01   8.3053738e-01   8.8923312e-01   9.4623336e-01   1.0019085e+00   1.0565834e+00   1.1105543e+00   1.1640719e+00   1.2173347e+00   1.2704751e+00
   3.3312803e-01   4.1822846e-01   4.9742253e-01   5.7168901e-01   6.4179409e-01   7.0835634e-01   7.7190771e-01   8.3291194e-01   8.9179869e-01   9.4896372e-01   1.0047782e+00   1.0595677e+00   1.1136290e+00   1.1672133e+00   1.2205199e+00   1.2736817e+00
   3.3331888e-01   4.1882797e-01   4.9839516e-01   5.7300082e-01   6.4341261e-01   7.1025055e-01   7.7404795e-01   8.3526984e-01   8.9434700e-01   9.5167614e-01   1.0076293e+00   1.0625327e+00   1.1166836e+00   1.1703340e+00   1.2236835e+00   1.2768660e+00
   3.3349537e-01   4.1941303e-01   4.9935319e-01   5.7429776e-01   6.4501593e-01   7.1212916e-01   7.7617212e-01   8.3761112e-01   8.9687806e-01   9.5437066e-01   1.0104617e+00   1.0654783e+00   1.1197182e+00   1.1734339e+00   1.2268257e+00   1.2800282e+00
   3.3365750e-01   4.1998366e-01   5.0029661e-01   5.7557985e-01   6.4660407e-01   7.1399218e-01   7.7828022e-01   8.3993579e-01   8.9939192e-01   9.5704733e-01   1.0132757e+00   1.0684046e+00   1.1227328e+00   1.1765131e+00   1.2299465e+00   1.2831685e+00
   3.3380526e-01   4.2053983e-01   5.0122541e-01   5.7684709e-01   6.4817704e-01   7.1583962e-01   7.8037228e-01   8.4224387e-01   9.0188861e-01   9.5970618e-01   1.0160711e+00   1.0713118e+00   1.1257275e+00   1.1795717e+00   1.2330461e+00   1.2862869e+00
   3.3393865e-01   4.2108155e-01   5.0213960e-01   5.7809947e-01   6.4973482e-01   7.1767150e-01   7.8244830e-01   8.4453540e-01   9.0436814e-01   9.6234726e-01   1.0188481e+00   1.0741999e+00   1.1287024e+00   1.1826099e+00   1.2361246e+00   1.2893835e+00
   3.3405765e-01   4.2160881e-01   5.0303917e-01   5.7933699e-01   6.5127744e-01   7.1948781e-01   7.8450831e-01   8.4681038e-01   9.0683057e-01   9.6497061e-01   1.0216067e+00   1.0770689e+00   1.1316576e+00   1.1856276e+00   1.2391820e+00   1.2924585e+00
   3.3416228e-01   4.2212160e-01   5.0392412e-01   5.8055965e-01   6.5280489e-01   7.2128858e-01   7.8655232e-01   8.4906886e-01   9.0927592e-01   9.6757626e-01   1.0243470e+00   1.0799189e+00   1.1345931e+00   1.1886251e+00   1.2422185e+00   1.2955120e+00
   3.3425251e-01   4.2261993e-01   5.0479445e-01   5.8176747e-01   6.5431719e-01   7.2307381e-01   7.8858034e-01   8.5131085e-01   9.1170422e-01   9.7016427e-01   1.0270690e+00   1.0827500e+00   1.1375090e+00   1.1916023e+00   1.2452342e+00   1.2985441e+00
   3.3432835e-01   4.2310379e-01   5.0565015e-01   5.8296043e-01   6.5581432e-01   7.2484352e-01   7.9059240e-01   8.5353637e-01   9.1411550e-01   9.7273467e-01   1.0297728e+00   1.0855622e+00   1.1404055e+00   1.1945594e+00   1.2482291e+00   1.3015549e+00
   3.3438980e-01   4.2357318e-01   5.0649123e-01   5.8413854e-01   6.5729632e-01   7.2659771e-01   7.9258851e-01   8.5574546e-01   9.1650981e-01   9.7528751e-01   1.0324584e+00   1.0883556e+00   1.1432825e+00   1.1974965e+00   1.2512034e+00   1.3045446e+00
   3.3443684e-01   4.2402809e-01   5.0731769e-01   5.8530180e-01   6.5876317e-01   7.2833640e-01   7.9456870e-01   8.5793813e-01   9.1888717e-01   9.7782283e-01   1.0351258e+00   1.0911303e+00   1.1461401e+00   1.2004136e+00   1.2541572e+00   1.3075132e+00
   3.3446948e-01   4.2446852e-01   5.0812952e-01   5.8645022e-01   6.6021488e-01   7.3005960e-01   7.9653297e-01   8.6011442e-01   9.2124762e-01   9.8034068e-01   1.0377752e+00   1.0938863e+00   1.1489785e+00   1.2033108e+00   1.2570906e+00   1.3104609e+00
   3.3448771e-01   4.2489447e-01   5.0892673e-01   5.8758381e-01   6.6165148e-01   7.3176732e-01   7.9848136e-01   8.6227434e-01   9.2359119e-01   9.8284109e-01   1.0404066e+00   1.0966237e+00   1.1517977e+00   1.2061883e+00   1.2600036e+00   1.3133877e+00
   3.3449154e-01   4.2530595e-01   5.0970931e-01   5.8870255e-01   6.6307295e-01   7.3345957e-01   8.0041386e-01   8.6441793e-01   9.2591791e-01   9.8532411e-01   1.0430201e+00   1.0993425e+00   1.1545977e+00   1.2090460e+00   1.2628965e+00   1.3162939e+00
   3.3448095e-01   4.2570294e-01   5.1047727e-01   5.8980646e-01   6.6447931e-01   7.3513637e-01   8.0233052e-01   8.6654521e-01   9.2822783e-01   9.8778978e-01   1.0456156e+00   1.1020429e+00   1.1573787e+00   1.2118842e+00   1.2657692e+00   1.3191794e+00
   3.3445595e-01   4.2608545e-01   5.1123061e-01   5.9089554e-01   6.6587058e-01   7.3679774e-01   8.0423134e-01   8.6865621e-01   9.3052097e-01   9.9023816e-01   1.0481933e+00   1.1047249e+00   1.1601408e+00   1.2147029e+00   1.2686218e+00   1.3220444e+00
   3.3441654e-01   4.2645348e-01   5.1196933e-01   5.9196981e-01   6.6724675e-01   7.3844368e-01   8.0611635e-01   8.7075096e-01   9.3279737e-01   9.9266928e-01   1.0507532e+00   1.1073885e+00   1.1628839e+00   1.2175021e+00   1.2714546e+00   1.3248891e+00
   3.3436272e-01   4.2680702e-01   5.1269344e-01   5.9302925e-01   6.6860783e-01   7.4007421e-01   8.0798557e-01   8.7282948e-01   9.3505708e-01   9.9508318e-01   1.0532953e+00   1.1100338e+00   1.1656082e+00   1.2202820e+00   1.2742675e+00   1.3277135e+00
   3.3429448e-01   4.2714608e-01   5.1340293e-01   5.9407388e-01   6.6995385e-01   7.4168935e-01   8.0983902e-01   8.7489180e-01   9.3730011e-01   9.9747992e-01   1.0558198e+00   1.1126609e+00   1.1683138e+00   1.2230427e+00   1.2770607e+00   1.3305178e+00
   3.3421182e-01   4.2747067e-01   5.1409781e-01   5.9510371e-01   6.7128480e-01   7.4328911e-01   8.1167671e-01   8.7693795e-01   9.3952651e-01   9.9985953e-01   1.0583266e+00   1.1152699e+00   1.1710007e+00   1.2257842e+00   1.2798343e+00   1.3333020e+00
   3.3411475e-01   4.2778077e-01   5.1477808e-01   5.9611873e-01   6.7260070e-01   7.4487350e-01   8.1349868e-01   8.7896796e-01   9.4173632e-01   1.0022221e+00   1.0608158e+00   1.1178608e+00   1.1736690e+00   1.2285066e+00   1.2825884e+00   1.3360663e+00
   3.3400327e-01   4.2807640e-01   5.1544375e-01   5.9711896e-01   6.7390156e-01   7.4644255e-01   8.1530494e-01   8.8098185e-01   9.4392957e-01   1.0045676e+00   1.0632875e+00   1.1204336e+00   1.1763188e+00   1.2312100e+00   1.2853230e+00   1.3388108e+00
   3.3387738e-01   4.2835755e-01   5.1609482e-01   5.9810441e-01   6.7518738e-01   7.4799626e-01   8.1709551e-01   8.8297966e-01   9.4610629e-01   1.0068961e+00   1.0657418e+00   1.1229885e+00   1.1789501e+00   1.2338945e+00   1.2880383e+00   1.3415356e+00
   3.3373707e-01   4.2862423e-01   5.1673129e-01   5.9907508e-01   6.7645819e-01   7.4953466e-01   8.1887042e-01   8.8496141e-01   9.4826654e-01   1.0092077e+00   1.0681786e+00   1.1255255e+00   1.1815631e+00   1.2365602e+00   1.2907344e+00   1.3442407e+00
   3.3358236e-01   4.2887644e-01   5.1735317e-01   6.0003098e-01   6.7771399e-01   7.5105776e-01   8.2062969e-01   8.8692714e-01   9.5041033e-01   1.0115023e+00   1.0705980e+00   1.1280446e+00   1.1841578e+00   1.2392072e+00   1.2934113e+00   1.3469264e+00
   3.3341323e-01   4.2911419e-01   5.1796047e-01   6.0097212e-01   6.7895479e-01   7.5256557e-01   8.2237334e-01   8.8887687e-01   9.5253771e-01   1.0137802e+00   1.0730002e+00   1.1305460e+00   1.1867343e+00   1.2418355e+00   1.2960692e+00   1.3495926e+00
   3.3322971e-01   4.2933747e-01   5.1855319e-01   6.0189850e-01   6.8018061e-01   7.5405813e-01   8.2410139e-01   8.9081064e-01   9.5464872e-01   1.0160412e+00   1.0753851e+00   1.1330297e+00   1.1892926e+00   1.2444453e+00   1.2987081e+00   1.3522396e+00
   3.3303178e-01   4.2954629e-01   5.1913133e-01   6.0281014e-01   6.8139147e-01   7.5553543e-01   8.2581388e-01   8.9272847e-01   9.5674339e-01   1.0182854e+00   1.0777528e+00   1.1354958e+00   1.1918329e+00   1.2470365e+00   1.3013282e+00   1.3548674e+00
   3.3281946e-01   4.2974066e-01   5.1969490e-01   6.0370704e-01   6.8258736e-01   7.5699751e-01   8.2751082e-01   8.9463039e-01   9.5882177e-01   1.0205130e+00   1.0801034e+00   1.1379442e+00   1.1943551e+00   1.2496094e+00   1.3039296e+00   1.3574761e+00
   3.3259274e-01   4.2992057e-01   5.2024392e-01   6.0458922e-01   6.8376831e-01   7.5844437e-01   8.2919223e-01   8.9651644e-01   9.6088389e-01   1.0227239e+00   1.0824368e+00   1.1403752e+00   1.1968595e+00   1.2521640e+00   1.3065122e+00   1.3600658e+00
   3.3235163e-01   4.3008605e-01   5.2077838e-01   6.0545668e-01   6.8493433e-01   7.5987605e-01   8.3085815e-01   8.9838664e-01   9.6292978e-01   1.0249181e+00   1.0847533e+00   1.1427887e+00   1.1993460e+00   1.2547003e+00   1.3090763e+00   1.3626367e+00
   3.3209614e-01   4.3023708e-01   5.2129830e-01   6.0630943e-01   6.8608544e-01   7.6129255e-01   8.3250859e-01   9.0024103e-01   9.6495949e-01   1.0270958e+00   1.0870527e+00   1.1451848e+00   1.2018147e+00   1.2572186e+00   1.3116219e+00   1.3651888e+00
   3.3182626e-01   4.3037368e-01   5.2180367e-01   6.0714749e-01   6.8722164e-01   7.6269389e-01   8.3414358e-01   9.0207963e-01   9.6697306e-01   1.0292570e+00   1.0893353e+00   1.1475637e+00   1.2042657e+00   1.2597187e+00   1.3141492e+00   1.3677223e+00
   3.3154201e-01   4.3049585e-01   5.2229452e-01   6.0797087e-01   6.8834296e-01   7.6408010e-01   8.3576315e-01   9.0390249e-01   9.6897052e-01   1.0314016e+00   1.0916009e+00   1.1499252e+00   1.2066991e+00   1.2622009e+00   1.3166581e+00   1.3702372e+00
   3.3124339e-01   4.3060360e-01   5.2277084e-01   6.0877957e-01   6.8944941e-01   7.6545120e-01   8.3736732e-01   9.0570962e-01   9.7095191e-01   1.0335299e+00   1.0938498e+00   1.1522696e+00   1.2091150e+00   1.2646652e+00   1.3191489e+00   1.3727336e+00
   3.3093040e-01   4.3069694e-01   5.2323265e-01   6.0957361e-01   6.9054100e-01   7.6680720e-01   8.3895611e-01   9.0750107e-01   9.7291727e-01   1.0356417e+00   1.0960819e+00   1.1545969e+00   1.2115133e+00   1.2671117e+00   1.3216215e+00   1.3752117e+00
   3.3060306e-01   4.3077587e-01   5.2367995e-01   6.1035301e-01   6.9161775e-01   7.6814813e-01   8.4052956e-01   9.0927686e-01   9.7486665e-01   1.0377372e+00   1.0982973e+00   1.1569071e+00   1.2138943e+00   1.2695404e+00   1.3240762e+00   1.3776715e+00
   3.3026136e-01   4.3084040e-01   5.2411276e-01   6.1111776e-01   6.9267967e-01   7.6947400e-01   8.4208768e-01   9.1103703e-01   9.7680007e-01   1.0398164e+00   1.1004960e+00   1.1592003e+00   1.2162579e+00   1.2719515e+00   1.3265129e+00   1.3801132e+00
   3.2990532e-01   4.3089053e-01   5.2453109e-01   6.1186789e-01   6.9372679e-01   7.7078484e-01   8.4363051e-01   9.1278161e-01   9.7871759e-01   1.0418794e+00   1.1026782e+00   1.1614765e+00   1.2186043e+00   1.2743450e+00   1.3289318e+00   1.3825368e+00
   3.2953495e-01   4.3092629e-01   5.2493494e-01   6.1260341e-01   6.9475911e-01   7.7208067e-01   8.4515807e-01   9.1451063e-01   9.8061923e-01   1.0439262e+00   1.1048438e+00   1.1637359e+00   1.2209335e+00   1.2767211e+00   1.3313329e+00   1.3849425e+00
   3.2915024e-01   4.3094767e-01   5.2532432e-01   6.1332433e-01   6.9577667e-01   7.7336151e-01   8.4667038e-01   9.1622413e-01   9.8250504e-01   1.0459568e+00   1.1069930e+00   1.1659785e+00   1.2232455e+00   1.2790798e+00   1.3337164e+00   1.3873303e+00
   3.2875121e-01   4.3095468e-01   5.2569925e-01   6.1403066e-01   6.9677946e-01   7.7462737e-01   8.4816748e-01   9.1792213e-01   9.8437506e-01   1.0479713e+00   1.1091257e+00   1.1682043e+00   1.2255405e+00   1.2814211e+00   1.3360824e+00   1.3897004e+00
   3.2833787e-01   4.3094733e-01   5.2605974e-01   6.1472243e-01   6.9776751e-01   7.7587829e-01   8.4964939e-01   9.1960468e-01   9.8622933e-01   1.0499697e+00   1.1112420e+00   1.1704135e+00   1.2278186e+00   1.2837452e+00   1.3384308e+00   1.3920528e+00
   3.2791022e-01   4.3092564e-01   5.2640579e-01   6.1539963e-01   6.9874084e-01   7.7711429e-01   8.5111614e-01   9.2127180e-01   9.8806789e-01   1.0519522e+00   1.1133420e+00   1.1726061e+00   1.2300797e+00   1.2860521e+00   1.3407619e+00   1.3943876e+00
   3.2746828e-01   4.3088961e-01   5.2673743e-01   6.1606229e-01   6.9969947e-01   7.7833538e-01   8.5256776e-01   9.2292353e-01   9.8989077e-01   1.0539186e+00   1.1154258e+00   1.1747820e+00   1.2323241e+00   1.2883420e+00   1.3430757e+00   1.3967050e+00
   3.2701205e-01   4.3083925e-01   5.2705465e-01   6.1671043e-01   7.0064341e-01   7.7954159e-01   8.5400427e-01   9.2455989e-01   9.9169802e-01   1.0558692e+00   1.1174934e+00   1.1769415e+00   1.2345516e+00   1.2906148e+00   1.3453723e+00   1.3990050e+00
   3.2654154e-01   4.3077458e-01   5.2735748e-01   6.1734405e-01   7.0157268e-01   7.8073295e-01   8.5542570e-01   9.2618094e-01   9.9348968e-01   1.0578039e+00   1.1195448e+00   1.1790846e+00   1.2367625e+00   1.2928708e+00   1.3476517e+00   1.4012877e+00
   3.2605676e-01   4.3069560e-01   5.2764593e-01   6.1796317e-01   7.0248730e-01   7.8190947e-01   8.5683209e-01   9.2778669e-01   9.9526579e-01   1.0597227e+00   1.1215801e+00   1.1812113e+00   1.2389567e+00   1.2951099e+00   1.3499142e+00   1.4035533e+00
   3.2555773e-01   4.3060232e-01   5.2792000e-01   6.1856781e-01   7.0338729e-01   7.8307118e-01   8.5822345e-01   9.2937719e-01   9.9702639e-01   1.0616258e+00   1.1235993e+00   1.1833217e+00   1.2411344e+00   1.2973322e+00   1.3521596e+00   1.4058017e+00
   3.2504445e-01   4.3049477e-01   5.2817972e-01   6.1915798e-01   7.0427267e-01   7.8421810e-01   8.5959982e-01   9.3095246e-01   9.9877152e-01   1.0635132e+00   1.1256026e+00   1.1854159e+00   1.2432957e+00   1.2995378e+00   1.3543883e+00   1.4080332e+00
   3.2451693e-01   4.3037293e-01   5.2842510e-01   6.1973371e-01   7.0514346e-01   7.8535026e-01   8.6096122e-01   9.3251255e-01   1.0005012e+00   1.0653848e+00   1.1275899e+00   1.1874939e+00   1.2454405e+00   1.3017269e+00   1.3566001e+00   1.4102478e+00
   3.2397520e-01   4.3023684e-01   5.2865614e-01   6.2029500e-01   7.0599968e-01   7.8646768e-01   8.6230769e-01   9.3405748e-01   1.0022155e+00   1.0672409e+00   1.1295614e+00   1.1895558e+00   1.2475690e+00   1.3038994e+00   1.3587953e+00   1.4124455e+00
   3.2341924e-01   4.3008650e-01   5.2887287e-01   6.2084187e-01   7.0684135e-01   7.8757038e-01   8.6363926e-01   9.3558730e-01   1.0039145e+00   1.0690813e+00   1.1315171e+00   1.1916016e+00   1.2496812e+00   1.3060554e+00   1.3609738e+00   1.4146266e+00
   3.2284909e-01   4.2992193e-01   5.2907530e-01   6.2137434e-01   7.0766848e-01   7.8865839e-01   8.6495594e-01   9.3710203e-01   1.0055982e+00   1.0709062e+00   1.1334569e+00   1.1936314e+00   1.2517772e+00   1.3081951e+00   1.3631359e+00   1.4167910e+00
   3.2226475e-01   4.2974314e-01   5.2926344e-01   6.2189242e-01   7.0848111e-01   7.8973174e-01   8.6625778e-01   9.3860171e-01   1.0072666e+00   1.0727157e+00   1.1353811e+00   1.1956453e+00   1.2538571e+00   1.3103185e+00   1.3652815e+00   1.4189390e+00
   3.2166623e-01   4.2955013e-01   5.2943731e-01   6.2239615e-01   7.0927925e-01   7.9079045e-01   8.6754480e-01   9.4008637e-01   1.0089197e+00   1.0745097e+00   1.1372896e+00   1.1976433e+00   1.2559209e+00   1.3124257e+00   1.3674107e+00   1.4210704e+00
   3.2105354e-01   4.2934293e-01   5.2959692e-01   6.2288552e-01   7.1006291e-01   7.9183454e-01   8.6881704e-01   9.4155606e-01   1.0105577e+00   1.0762882e+00   1.1391825e+00   1.1996256e+00   1.2579688e+00   1.3145167e+00   1.3695237e+00   1.4231855e+00
   3.2042671e-01   4.2912155e-01   5.2974230e-01   6.2336056e-01   7.1083213e-01   7.9286403e-01   8.7007452e-01   9.4301081e-01   1.0121805e+00   1.0780515e+00   1.1410598e+00   1.2015920e+00   1.2600007e+00   1.3165916e+00   1.3716205e+00   1.4252844e+00
   3.1978573e-01   4.2888600e-01   5.2987344e-01   6.2382129e-01   7.1158693e-01   7.9387897e-01   8.7131726e-01   9.4445065e-01   1.0137883e+00   1.0797994e+00   1.1429216e+00   1.2035428e+00   1.2620168e+00   1.3186505e+00   1.3737012e+00   1.4273671e+00
   3.1913064e-01   4.2863630e-01   5.2999038e-01   6.2426773e-01   7.1232731e-01   7.9487936e-01   8.7254532e-01   9.4587561e-01   1.0153810e+00   1.0815321e+00   1.1447680e+00   1.2054780e+00   1.2640170e+00   1.3206936e+00   1.3757659e+00   1.4294337e+00
   3.1846143e-01   4.2837247e-01   5.3009312e-01   6.2469989e-01   7.1305332e-01   7.9586524e-01   8.7375870e-01   9.4728574e-01   1.0169586e+00   1.0832496e+00   1.1465991e+00   1.2073976e+00   1.2660016e+00   1.3227207e+00   1.3778146e+00   1.4314843e+00
   3.1777813e-01   4.2809450e-01   5.3018169e-01   6.2511780e-01   7.1376497e-01   7.9683663e-01   8.7495745e-01   9.4868106e-01   1.0185213e+00   1.0849519e+00   1.1484147e+00   1.2093017e+00   1.2679705e+00   1.3247321e+00   1.3798475e+00   1.4335191e+00
   3.1708074e-01   4.2780243e-01   5.3025610e-01   6.2552147e-01   7.1446228e-01   7.9779356e-01   8.7614159e-01   9.5006162e-01   1.0200691e+00   1.0866392e+00   1.1502151e+00   1.2111903e+00   1.2699238e+00   1.3267278e+00   1.3818646e+00   1.4355379e+00
   3.1636929e-01   4.2749627e-01   5.3031636e-01   6.2591092e-01   7.1514527e-01   7.9873605e-01   8.7731116e-01   9.5142746e-01   1.0216019e+00   1.0883113e+00   1.1520003e+00   1.2130636e+00   1.2718617e+00   1.3287079e+00   1.3838660e+00   1.4375411e+00
   3.1564378e-01   4.2717604e-01   5.3036251e-01   6.2628618e-01   7.1581397e-01   7.9966413e-01   8.7846618e-01   9.5277859e-01   1.0231199e+00   1.0899684e+00   1.1537703e+00   1.2149216e+00   1.2737840e+00   1.3306724e+00   1.3858517e+00   1.4395286e+00
   3.1490424e-01   4.2684174e-01   5.3039454e-01   6.2664726e-01   7.1646841e-01   8.0057784e-01   8.7960670e-01   9.5411508e-01   1.0246231e+00   1.0916106e+00   1.1555251e+00   1.2167643e+00   1.2756910e+00   1.3326215e+00   1.3878220e+00   1.4415006e+00
   3.1415068e-01   4.2649340e-01   5.3041248e-01   6.2699418e-01   7.1710859e-01   8.0147718e-01   8.8073273e-01   9.5543694e-01   1.0261115e+00   1.0932379e+00   1.1572649e+00   1.2185917e+00   1.2775827e+00   1.3345551e+00   1.3897768e+00   1.4434571e+00
   3.1338311e-01   4.2613103e-01   5.3041636e-01   6.2732697e-01   7.1773456e-01   8.0236220e-01   8.8184431e-01   9.5674421e-01   1.0275852e+00   1.0948502e+00   1.1589897e+00   1.2204041e+00   1.2794591e+00   1.3364735e+00   1.3917162e+00   1.4453982e+00
   3.1260155e-01   4.2575465e-01   5.3040618e-01   6.2764564e-01   7.1834632e-01   8.0323292e-01   8.8294147e-01   9.5803694e-01   1.0290442e+00   1.0964478e+00   1.1606996e+00   1.2222014e+00   1.2813203e+00   1.3383765e+00   1.3936403e+00   1.4473240e+00
   3.1180602e-01   4.2536427e-01   5.3038196e-01   6.2795021e-01   7.1894391e-01   8.0408937e-01   8.8402425e-01   9.5931515e-01   1.0304886e+00   1.0980306e+00   1.1623945e+00   1.2239836e+00   1.2831664e+00   1.3402644e+00   1.3955491e+00   1.4492345e+00
   3.1099654e-01   4.2495992e-01   5.3034373e-01   6.2824071e-01   7.1952735e-01   8.0493157e-01   8.8509267e-01   9.6057889e-01   1.0319184e+00   1.0995986e+00   1.1640746e+00   1.2257509e+00   1.2849975e+00   1.3421371e+00   1.3974429e+00   1.4511300e+00
   3.1017311e-01   4.2454161e-01   5.3029151e-01   6.2851716e-01   7.2009666e-01   8.0575955e-01   8.8614677e-01   9.6182819e-01   1.0333336e+00   1.1011520e+00   1.1657398e+00   1.2275033e+00   1.2868135e+00   1.3439948e+00   1.3993215e+00   1.4530103e+00
   3.0933576e-01   4.2410936e-01   5.3022531e-01   6.2877958e-01   7.2065187e-01   8.0657335e-01   8.8718657e-01   9.6306309e-01   1.0347343e+00   1.1026907e+00   1.1673903e+00   1.2292408e+00   1.2886147e+00   1.3458375e+00   1.4011852e+00   1.4548757e+00
   3.0848451e-01   4.2366319e-01   5.3014515e-01   6.2902799e-01   7.2119301e-01   8.0737298e-01   8.8821212e-01   9.6428363e-01   1.0361205e+00   1.1042148e+00   1.1690262e+00   1.2309635e+00   1.2904010e+00   1.3476654e+00   1.4030339e+00   1.4567262e+00
   3.0761937e-01   4.2320312e-01   5.3005105e-01   6.2926241e-01   7.2172008e-01   8.0815848e-01   8.8922345e-01   9.6548983e-01   1.0374922e+00   1.1057244e+00   1.1706474e+00   1.2326715e+00   1.2921724e+00   1.3494783e+00   1.4048678e+00   1.4585619e+00
   3.0674036e-01   4.2272915e-01   5.2994303e-01   6.2948287e-01   7.2223314e-01   8.0892987e-01   8.9022057e-01   9.6668175e-01   1.0388496e+00   1.1072195e+00   1.1722539e+00   1.2343649e+00   1.2939292e+00   1.3512766e+00   1.4066869e+00   1.4603829e+00
   3.0584750e-01   4.2224133e-01   5.2982112e-01   6.2968938e-01   7.2273219e-01   8.0968719e-01   8.9120354e-01   9.6785940e-01   1.0401926e+00   1.1087002e+00   1.1738460e+00   1.2360436e+00   1.2956713e+00   1.3530601e+00   1.4084914e+00   1.4621892e+00
   3.0494080e-01   4.2173965e-01   5.2968533e-01   6.2988198e-01   7.2321726e-01   8.1043046e-01   8.9217238e-01   9.6902285e-01   1.0415213e+00   1.1101664e+00   1.1754236e+00   1.2377078e+00   1.2973988e+00   1.3548290e+00   1.4102812e+00   1.4639809e+00
   3.0402030e-01   4.2122415e-01   5.2953569e-01   6.3006067e-01   7.2368838e-01   8.1115971e-01   8.9312713e-01   9.7017211e-01   1.0428358e+00   1.1116183e+00   1.1769867e+00   1.2393575e+00   1.2991117e+00   1.3565833e+00   1.4120565e+00   1.4657581e+00
   3.0308599e-01   4.2069483e-01   5.2937221e-01   6.3022549e-01   7.2414557e-01   8.1187497e-01   8.9406781e-01   9.7130722e-01   1.0441360e+00   1.1130559e+00   1.1785355e+00   1.2409927e+00   1.3008102e+00   1.3583232e+00   1.4138173e+00   1.4675210e+00
   3.0213791e-01   4.2015173e-01   5.2919492e-01   6.3037647e-01   7.2458886e-01   8.1257627e-01   8.9499446e-01   9.7242823e-01   1.0454220e+00   1.1144792e+00   1.1800699e+00   1.2426136e+00   1.3024942e+00   1.3600486e+00   1.4155637e+00   1.4692695e+00
   3.0117607e-01   4.1959486e-01   5.2900383e-01   6.3051361e-01   7.2501828e-01   8.1326364e-01   8.9590711e-01   9.7353518e-01   1.0466939e+00   1.1158883e+00   1.1815901e+00   1.2442201e+00   1.3041639e+00   1.3617597e+00   1.4172958e+00   1.4710037e+00
   3.0020049e-01   4.1902424e-01   5.2879897e-01   6.3063695e-01   7.2543385e-01   8.1393711e-01   8.9680580e-01   9.7462809e-01   1.0479517e+00   1.1172833e+00   1.1830960e+00   1.2458124e+00   1.3058193e+00   1.3634564e+00   1.4190136e+00   1.4727238e+00
   2.9921120e-01   4.1843989e-01   5.2858037e-01   6.3074651e-01   7.2583560e-01   8.1459670e-01   8.9769055e-01   9.7570700e-01   1.0491954e+00   1.1186641e+00   1.1845878e+00   1.2473904e+00   1.3074605e+00   1.3651390e+00   1.4207173e+00   1.4744297e+00
   2.9820821e-01   4.1784183e-01   5.2834803e-01   6.3084231e-01   7.2622356e-01   8.1524246e-01   8.9856141e-01   9.7677196e-01   1.0504252e+00   1.1200309e+00   1.1860654e+00   1.2489543e+00   1.3090875e+00   1.3668074e+00   1.4224068e+00   1.4761216e+00
   2.9719154e-01   4.1723009e-01   5.2810200e-01   6.3092438e-01   7.2659774e-01   8.1587439e-01   8.9941841e-01   9.7782300e-01   1.0516409e+00   1.1213836e+00   1.1875290e+00   1.2505041e+00   1.3107004e+00   1.3684617e+00   1.4240823e+00   1.4777996e+00
   2.9616121e-01   4.1660468e-01   5.2784227e-01   6.3099274e-01   7.2695818e-01   8.1649255e-01   9.0026157e-01   9.7886016e-01   1.0528427e+00   1.1227223e+00   1.1889785e+00   1.2520399e+00   1.3122993e+00   1.3701021e+00   1.4257439e+00   1.4794637e+00
   2.9511724e-01   4.1596563e-01   5.2756889e-01   6.3104742e-01   7.2730491e-01   8.1709695e-01   9.0109094e-01   9.7988347e-01   1.0540306e+00   1.1240471e+00   1.1904141e+00   1.2535617e+00   1.3138841e+00   1.3717284e+00   1.4273915e+00   1.4811140e+00
   2.9405966e-01   4.1531295e-01   5.2728187e-01   6.3108844e-01   7.2763795e-01   8.1768763e-01   9.0190654e-01   9.8089298e-01   1.0552047e+00   1.1253580e+00   1.1918357e+00   1.2550695e+00   1.3154551e+00   1.3733409e+00   1.4290254e+00   1.4827505e+00
   2.9298848e-01   4.1464667e-01   5.2698124e-01   6.3111582e-01   7.2795733e-01   8.1826462e-01   9.0270842e-01   9.8188871e-01   1.0563649e+00   1.1266551e+00   1.1932435e+00   1.2565635e+00   1.3170122e+00   1.3749395e+00   1.4306454e+00   1.4843734e+00
   2.9190373e-01   4.1396681e-01   5.2666701e-01   6.3112960e-01   7.2826308e-01   8.1882794e-01   9.0349659e-01   9.8287071e-01   1.0575114e+00   1.1279384e+00   1.1946375e+00   1.2580436e+00   1.3185555e+00   1.3765244e+00   1.4322518e+00   1.4859828e+00
   2.9080543e-01   4.1327339e-01   5.2633922e-01   6.3112979e-01   7.2855522e-01   8.1937763e-01   9.0427111e-01   9.8383902e-01   1.0586442e+00   1.1292079e+00   1.1960178e+00   1.2595100e+00   1.3200851e+00   1.3780956e+00   1.4338446e+00   1.4875786e+00
